Case #1: 29 1 1 1 1 1 1 1 1 1 1 1 1 1 1 1 1 1 1 1 1 1 1 1 1 1 1 1 1 13 Case #2: 21 1 1 1 1 1 1 1 1 1 2 2 2 2 2 2 2 2 3 3 3 7 Case #3: 17 1 1 1 1 2 2 2 2 2 2 2 2 2 2 3 7 7 Case #4: 20 1 1 1 1 1 1 1 1 1 1 1 2 2 2 2 2 3 3 3 11 Case #5: 32 1 1 1 1 1 1 1 1 1 1 1 1 1 1 1 1 1 1 1 1 1 1 1 1 1 2 2 2 2 2 3 3 Case #6: 30 1 1 1 1 1 1 1 1 1 1 1 1 1 1 1 1 1 1 1 1 1 1 2 2 2 2 2 2 2 5 Case #7: 12 1 1 2 2 2 2 2 2 2 3 11 11 Case #8: 16 1 1 1 1 1 1 1 1 2 2 2 2 2 3 3 17 Case #9: 16 1 1 1 1 2 2 2 2 2 2 2 3 5 5 5 5 Case #10: 11 1 1 1 2 2 2 2 3 3 11 13 Case #11: 16 1 1 1 1 1 1 2 2 2 2 2 3 3 3 3 13 Case #12: -1
Case #13: -1
Case #14: 14 1 1 1 2 2 2 2 2 2 2 3 3 7 11 Case #15: -1
Case #16: -1
Case #17: 24 1 1 1 1 1 1 1 1 1 1 1 1 1 2 2 2 2 2 2 2 2 2 3 7 Case #18: 18 1 1 1 1 1 1 1 2 2 2 3 3 3 3 3 3 5 5 Case #19: 16 1 1 1 1 1 1 1 2 3 3 3 3 3 5 5 7 Case #20: 4 1 1 2 37 Case #21: 21 1 1 1 1 1 1 1 1 1 1 1 1 1 2 2 2 2 3 3 3 11 Case #22: 36 1 1 1 1 1 1 1 1 1 1 1 1 1 1 1 1 1 1 1 1 1 1 1 1 1 1 1 1 1 1 1 1 1 1 2 5 Case #23: 25 1 1 1 1 1 1 1 1 1 1 1 1 1 1 1 1 1 1 1 1 2 2 3 3 11 Case #24: 28 1 1 1 1 1 1 1 1 1 1 1 1 1 1 1 1 2 2 2 2 2 2 2 2 2 2 2 3 Case #25: 20 1 1 1 1 1 1 1 1 1 1 2 2 2 2 2 3 3 3 5 7 Case #26: -1
Case #27: 16 1 1 1 2 2 2 2 2 2 2 3 3 3 5 5 5 Case #28: -1
Case #29: 19 1 1 1 1 1 1 1 1 1 1 1 1 2 2 3 3 3 5 11 Case #30: 25 1 1 1 1 1 1 1 1 1 1 1 1 1 1 1 2 2 2 2 2 2 3 3 3 5 Case #31: 40 1 1 1 1 1 1 1 1 1 1 1 1 1 1 1 1 1 1 1 1 1 1 1 1 1 1 1 1 1 1 1 1 1 1 1 1 1 1 1 2 Case #32: 17 1 1 1 1 1 1 1 1 2 2 3 3 3 5 5 5 5 Case #33: -1
Case #34: 23 1 1 1 1 1 1 1 1 1 1 1 1 1 2 2 2 2 2 2 3 3 3 7 Case #35: 19 1 1 1 1 1 1 1 2 2 2 2 3 3 3 3 3 3 3 5 Case #36: 27 1 1 1 1 1 1 1 1 1 1 1 1 1 1 1 1 1 1 1 1 1 3 3 3 3 3 5 Case #37: 12 1 1 2 2 2 2 2 2 2 3 5 17 Case #38: 22 1 1 1 1 1 1 1 1 2 2 2 2 2 2 2 2 2 2 2 2 2 7 Case #39: 26 1 1 1 1 1 1 1 1 1 1 1 1 1 1 1 1 1 1 1 1 1 2 3 3 5 7 Case #40: -1
Case #41: 27 1 1 1 1 1 1 1 1 1 1 1 1 1 1 1 1 1 1 1 1 2 2 3 3 3 3 5 Case #42: 29 1 1 1 1 1 1 1 1 1 1 1 1 1 1 1 1 1 1 1 1 1 1 1 1 1 1 1 3 11 Case #43: 20 1 1 1 1 1 1 1 1 1 1 1 1 1 2 3 3 3 3 3 11 Case #44: 24 1 1 1 1 1 1 1 1 1 1 1 1 1 1 1 1 1 2 2 2 3 5 5 5 Case #45: 17 1 1 1 1 1 1 1 1 1 1 1 2 2 3 5 5 13 Case #46: 22 1 1 1 1 1 1 1 1 1 1 2 2 2 2 2 2 2 2 2 3 3 7 Case #47: 22 1 1 1 1 1 1 1 1 1 1 1 1 1 2 2 2 2 2 3 3 5 7 Case #48: 24 1 1 1 1 1 1 1 1 1 1 1 1 1 1 1 1 2 2 2 2 2 5 5 5 Case #49: 14 1 1 1 1 2 2 2 2 2 2 2 5 5 13 Case #50: 14 1 1 1 1 1 2 2 2 3 3 3 7 7 7 Case #51: 19 1 1 1 1 1 1 1 2 2 2 2 2 2 2 2 3 5 5 5 Case #52: 10 1 1 1 1 2 3 3 5 11 13 Case #53: 23 1 1 1 1 1 1 1 1 1 1 1 1 1 1 1 1 1 1 2 2 3 5 11 Case #54: 19 1 1 1 1 1 2 2 2 2 2 2 2 2 2 2 3 3 3 7 Case #55: 23 1 1 1 1 1 1 1 1 1 1 1 2 2 2 2 2 2 2 2 3 3 3 5 Case #56: 29 1 1 1 1 1 1 1 1 1 1 1 1 1 1 1 1 1 1 1 1 1 1 1 1 2 2 3 5 5 Case #57: 21 1 1 1 1 1 1 1 1 2 2 2 2 2 2 3 3 3 3 3 3 3 Case #58: 14 1 1 1 2 3 3 3 3 3 3 3 3 5 7 Case #59: -1
Case #60: -1
Case #61: 28 1 1 1 1 1 1 1 1 1 1 1 1 1 1 1 1 1 1 1 1 2 2 2 2 2 3 3 5 Case #62: -1
Case #63: 25 1 1 1 1 1 1 1 1 1 1 1 1 1 1 2 2 2 2 2 2 3 3 3 3 3 Case #64: 20 1 1 1 1 1 1 1 1 1 2 2 2 2 2 3 3 3 3 3 7 Case #65: 26 1 1 1 1 1 1 1 1 1 1 1 1 1 1 1 1 1 1 1 1 2 3 3 3 3 7 Case #66: 11 1 1 2 2 2 2 3 5 5 5 13 Case #67: 28 1 1 1 1 1 1 1 1 1 1 1 1 1 1 1 1 1 1 2 2 2 2 2 2 2 2 2 5 Case #68: 16 1 1 1 1 2 2 2 2 2 2 2 3 3 3 7 7 Case #69: 15 1 1 1 1 1 2 2 2 2 3 3 3 3 5 11 Case #70: 28 1 1 1 1 1 1 1 1 1 1 1 1 1 1 1 1 1 1 1 1 1 1 1 1 1 1 2 13 Case #71: 21 1 1 1 1 1 1 1 1 1 1 2 2 2 2 2 2 3 3 3 5 5 Case #72: -1
Case #73: 16 1 1 1 1 1 2 2 2 2 2 2 2 3 5 7 7 Case #74: -1
Case #75: -1
Case #76: -1
Case #77: -1
Case #78: -1
Case #79: 18 1 1 1 1 1 2 2 2 2 2 2 2 2 2 3 5 5 5 Case #80: 14 1 1 1 2 3 3 3 3 3 3 3 5 5 5 Case #81: 23 1 1 1 1 1 1 1 1 1 1 1 1 1 1 1 1 1 1 1 1 1 3 17 Case #82: 25 1 1 1 1 1 1 1 1 1 1 1 1 1 1 1 1 1 1 1 2 2 3 3 5 7 Case #83: 18 1 1 1 1 1 1 1 1 1 2 2 2 2 2 5 5 5 7 Case #84: 15 1 1 1 1 2 2 2 2 2 2 2 2 5 5 11 Case #85: 16 1 1 1 1 1 1 1 1 1 2 2 2 3 5 7 11 Case #86: 21 1 1 1 1 2 2 2 2 2 2 2 2 2 2 2 2 2 2 2 2 5 Case #87: 25 1 1 1 1 1 1 1 1 1 1 2 2 2 2 2 2 2 2 2 2 2 2 2 2 3 Case #88: 25 1 1 1 1 1 1 1 1 1 1 1 1 1 1 1 1 1 1 1 3 3 3 3 5 5 Case #89: 16 1 1 1 1 1 1 1 1 1 2 2 2 2 2 5 17 Case #90: 19 1 1 1 1 1 1 2 2 2 2 2 2 3 3 3 3 3 3 5 Case #91: 15 1 1 2 2 2 2 2 2 2 2 3 5 5 5 5 Case #92: 18 1 1 1 1 1 1 1 1 1 1 1 1 1 2 3 5 7 11 Case #93: 18 1 1 1 1 2 2 2 2 2 2 2 2 2 3 3 3 5 5 Case #94: 18 1 1 1 1 1 2 2 2 2 2 2 2 3 3 3 3 5 5 Case #95: 18 1 1 1 1 1 1 1 2 2 2 2 2 3 3 3 5 5 5 Case #96: -1
Case #97: 16 1 1 1 1 1 1 1 1 2 2 2 3 3 7 7 7 Case #98: 17 1 1 1 1 1 1 1 1 1 1 1 2 2 2 2 3 19 Case #99: -1
Case #100: 23 1 1 1 1 1 1 1 1 1 2 2 2 2 2 2 2 2 2 2 3 3 3 3 Case #101: 10 1 1 1 2 3 3 3 5 11 11 Case #102: 22 1 1 1 1 1 1 1 1 1 1 1 1 1 1 1 2 2 2 5 5 5 5 Case #103: 12 1 1 1 2 2 2 2 2 3 3 11 11 Case #104: -1
Case #105: 12 1 1 1 1 1 2 2 2 3 3 5 19 Case #106: 18 1 1 1 1 1 1 1 1 1 2 3 3 3 3 3 3 5 7 Case #107: -1
Case #108: -1
Case #109: 19 1 1 1 1 1 1 1 1 1 1 1 2 2 2 2 3 3 5 11 Case #110: 33 1 1 1 1 1 1 1 1 1 1 1 1 1 1 1 1 1 1 1 1 1 1 1 1 1 1 1 1 1 1 2 2 7 Case #111: 16 1 1 1 1 1 1 1 1 1 1 2 3 3 3 7 13 Case #112: 20 1 1 1 1 1 1 1 1 1 1 1 1 1 2 2 2 3 3 5 11 Case #113: 35 1 1 1 1 1 1 1 1 1 1 1 1 1 1 1 1 1 1 1 1 1 1 1 1 1 1 1 1 1 1 1 1 1 3 5 Case #114: 8 1 1 2 2 2 3 13 17 Case #115: 19 1 1 1 1 1 1 1 1 1 2 2 3 3 3 3 3 3 5 5 Case #116: 31 1 1 1 1 1 1 1 1 1 1 1 1 1 1 1 1 1 1 1 1 1 1 1 1 1 1 2 2 3 3 5 Case #117: 17 1 1 1 1 2 2 2 2 2 2 2 2 3 3 3 5 7 Case #118: -1
Case #119: -1
Case #120: 14 1 1 1 1 1 1 2 2 2 3 3 5 7 11 Case #121: -1
Case #122: -1
Case #123: -1
Case #124: -1
Case #125: -1
Case #126: 23 1 1 1 1 1 1 1 1 1 1 1 1 1 2 2 2 2 2 2 2 2 5 7 Case #127: 36 1 1 1 1 1 1 1 1 1 1 1 1 1 1 1 1 1 1 1 1 1 1 1 1 1 1 1 1 1 1 1 2 2 2 2 2 Case #128: 21 1 1 1 1 1 1 1 1 1 1 1 1 1 1 1 2 2 3 5 7 7 Case #129: 10 1 1 1 2 3 3 5 7 7 11 Case #130: -1
Case #131: 14 1 1 1 1 1 1 1 2 2 2 5 5 7 11 Case #132: 26 1 1 1 1 1 1 1 1 1 1 1 1 1 1 1 1 1 1 2 2 2 3 3 3 3 5 Case #133: 30 1 1 1 1 1 1 1 1 1 1 1 1 1 1 1 1 1 1 1 1 1 1 1 1 1 1 2 3 3 7 Case #134: -1
Case #135: 14 1 1 1 1 1 2 2 2 2 2 3 3 3 17 Case #136: 34 1 1 1 1 1 1 1 1 1 1 1 1 1 1 1 1 1 1 1 1 1 1 1 1 1 1 1 1 1 1 1 2 3 5 Case #137: 10 1 1 1 2 3 3 3 5 5 17 Case #138: 21 1 1 1 1 1 1 1 1 1 2 2 2 2 2 2 3 3 3 3 3 5 Case #139: -1
Case #140: 15 1 1 1 1 1 1 1 2 2 2 2 3 5 7 11 Case #141: -1
Case #142: 16 1 1 1 2 2 2 2 2 2 2 2 2 3 5 5 7 Case #143: 15 1 1 1 1 2 2 2 2 3 3 3 3 5 5 7 Case #144: 7 1 1 1 5 5 11 17 Case #145: 21 1 1 1 1 1 1 1 1 1 1 1 2 2 2 2 3 3 3 3 3 7 Case #146: 15 1 1 1 1 1 2 2 3 3 3 3 3 3 7 7 Case #147: 10 1 1 2 2 2 3 5 7 7 11 Case #148: 14 1 1 1 1 1 2 2 2 3 3 3 3 5 13 Case #149: 11 1 1 2 2 2 2 2 2 3 5 19 Case #150: 11 1 1 1 2 2 2 2 3 3 7 17 Case #151: 18 1 1 1 1 1 1 2 2 2 2 2 3 3 3 3 3 5 5 Case #152: 28 1 1 1 1 1 1 1 1 1 1 1 1 1 1 1 1 1 1 1 1 1 2 2 2 2 2 3 7 Case #153: 16 1 1 1 1 1 1 2 2 2 3 3 3 3 3 3 11 Case #154: 23 1 1 1 1 1 1 1 1 1 1 1 1 1 1 1 1 2 2 3 3 3 5 7 Case #155: 23 1 1 1 1 1 1 1 1 1 1 1 1 1 1 1 2 2 3 3 3 3 5 5 Case #156: 22 1 1 1 1 1 1 1 1 1 1 2 2 2 2 2 3 3 3 3 3 3 3 Case #157: 13 1 1 1 1 1 2 2 3 3 3 3 7 13 Case #158: 34 1 1 1 1 1 1 1 1 1 1 1 1 1 1 1 1 1 1 1 1 1 1 1 1 1 1 1 1 2 2 2 2 2 3 Case #159: 26 1 1 1 1 1 1 1 1 1 1 1 1 1 1 1 1 1 1 2 2 2 2 2 3 3 7 Case #160: 23 1 1 1 1 1 1 1 1 1 1 1 1 1 1 2 2 2 2 2 2 5 5 5 Case #161: 31 1 1 1 1 1 1 1 1 1 1 1 1 1 1 1 1 1 1 1 1 1 1 1 1 1 1 1 2 2 3 7 Case #162: 20 1 1 1 1 1 1 1 1 1 2 2 2 2 2 3 3 3 3 5 5 Case #163: 21 1 1 1 1 1 1 1 1 1 1 1 1 1 2 2 3 3 3 5 5 5 Case #164: 14 1 1 1 1 1 2 2 2 2 2 3 5 5 13 Case #165: -1
Case #166: 14 1 1 1 1 2 2 2 2 2 3 3 5 5 11 Case #167: -1
Case #168: -1
Case #169: 24 1 1 1 1 1 1 1 1 1 1 1 1 1 1 1 1 1 1 2 2 2 3 3 11 Case #170: 27 1 1 1 1 1 1 1 1 1 1 1 1 1 1 1 1 1 1 2 2 2 2 3 3 3 3 3 Case #171: 25 1 1 1 1 1 1 1 1 1 1 1 1 1 1 1 1 1 1 1 1 1 1 1 5 13 Case #172: -1
Case #173: 19 1 1 1 1 1 1 1 1 1 1 1 1 1 1 1 1 1 7 17 Case #174: -1
Case #175: 17 1 1 1 1 1 1 1 1 2 2 3 3 3 3 3 3 11 Case #176: -1
Case #177: -1
Case #178: 15 1 1 1 2 2 2 2 2 2 3 3 3 5 5 7 Case #179: 16 1 1 1 1 1 1 2 2 2 3 3 3 5 5 5 5 Case #180: 9 1 1 2 2 2 2 3 11 17 Case #181: 17 1 1 1 1 1 1 1 1 1 2 2 3 3 5 5 5 7 Case #182: -1
Case #183: 12 1 1 1 1 2 2 2 3 7 7 7 7 Case #184: -1
Case #185: 23 1 1 1 1 1 1 2 2 2 2 2 2 2 2 2 2 2 2 2 2 2 2 3 Case #186: 18 1 1 1 1 1 1 1 1 1 1 2 2 2 3 3 3 3 13 Case #187: -1
Case #188: 19 1 1 1 1 1 1 1 1 2 2 2 2 3 3 3 3 3 3 7 Case #189: 15 1 1 1 2 2 2 2 3 3 3 3 3 5 5 5 Case #190: -1
Case #191: 22 1 1 1 1 1 1 1 1 1 1 2 2 2 2 2 2 2 2 2 3 5 5 Case #192: 16 1 1 1 1 2 2 2 2 2 2 2 3 3 5 5 7 Case #193: 12 1 1 1 2 2 2 3 3 5 5 5 11 Case #194: -1
Case #195: -1
Case #196: 17 1 1 1 1 1 1 1 2 2 2 2 2 2 3 3 5 11 Case #197: 14 1 1 1 1 1 1 2 3 3 5 5 5 5 7 Case #198: 15 1 1 1 1 1 2 2 2 2 2 2 3 5 5 11 Case #199: 15 1 1 1 2 2 2 2 3 3 3 3 3 3 5 7 Case #200: 14 1 1 1 1 1 2 2 2 3 3 3 5 5 11 Case #201: 17 1 1 2 2 2 2 2 2 2 2 2 2 2 2 3 5 7 Case #202: 32 1 1 1 1 1 1 1 1 1 1 1 1 1 1 1 1 1 1 1 1 1 1 1 1 1 1 1 1 2 3 3 5 Case #203: 21 1 1 1 1 1 1 1 1 1 1 1 1 1 1 1 3 3 3 5 5 7 Case #204: 19 1 1 1 1 1 1 1 1 1 1 2 2 2 2 3 3 5 5 7 Case #205: 32 1 1 1 1 1 1 1 1 1 1 1 1 1 1 1 1 1 1 1 1 1 1 1 1 1 1 1 1 2 2 2 7 Case #206: 15 1 1 1 1 1 2 2 2 2 3 3 3 5 7 7 Case #207: 32 1 1 1 1 1 1 1 1 1 1 1 1 1 1 1 1 1 1 1 1 1 1 1 1 1 1 1 2 2 2 3 5 Case #208: 19 1 1 1 1 1 1 2 2 2 2 2 2 2 2 2 2 5 5 5 Case #209: 23 1 1 1 1 1 1 1 2 2 2 2 2 2 2 2 2 2 2 2 2 2 3 3 Case #210: 12 1 1 1 2 2 2 2 2 3 5 7 13 Case #211: 30 1 1 1 1 1 1 1 1 1 1 1 1 1 1 1 1 1 1 1 1 1 1 2 2 2 2 2 3 3 3 Case #212: 16 1 1 1 1 1 1 1 2 2 2 2 2 3 3 5 13 Case #213: 36 1 1 1 1 1 1 1 1 1 1 1 1 1 1 1 1 1 1 1 1 1 1 1 1 1 1 1 1 1 1 1 1 1 2 3 3 Case #214: 31 1 1 1 1 1 1 1 1 1 1 1 1 1 1 1 1 1 1 1 1 1 1 1 1 1 1 1 1 3 3 7 Case #215: 20 1 1 1 1 1 1 1 1 2 2 2 2 2 3 3 3 3 3 3 5 Case #216: 18 1 1 1 1 1 2 2 2 2 2 2 2 3 3 3 3 3 7 Case #217: 35 1 1 1 1 1 1 1 1 1 1 1 1 1 1 1 1 1 1 1 1 1 1 1 1 1 1 1 1 1 1 2 2 2 2 3 Case #218: -1
Case #219: 22 1 1 1 1 1 1 1 1 1 1 1 1 1 1 1 1 1 1 1 1 2 19 Case #220: 17 1 1 1 1 1 1 1 2 2 3 3 3 3 3 3 5 7 Case #221: 11 1 1 1 2 2 2 2 3 3 5 19 Case #222: -1
Case #223: -1
Case #224: -1
Case #225: 17 1 1 1 1 1 1 1 1 2 2 2 2 3 3 5 7 7 Case #226: 21 1 1 1 1 1 1 1 1 1 1 1 1 1 2 2 2 2 3 5 5 7 Case #227: 19 1 1 1 1 1 1 1 1 1 2 2 2 2 3 3 3 3 5 7 Case #228: 21 1 1 1 1 1 1 1 2 2 2 2 2 2 2 2 2 2 2 2 3 7 Case #229: 10 1 1 1 2 2 2 3 7 11 11 Case #230: -1
Case #231: 14 1 1 2 2 2 2 2 2 2 2 2 3 7 11 Case #232: 16 1 1 1 1 1 1 2 2 2 2 2 3 3 3 5 11 Case #233: -1
Case #234: 18 1 1 1 1 1 1 2 2 2 2 2 2 2 3 3 5 5 5 Case #235: 20 1 1 1 1 1 1 1 1 1 1 2 2 2 3 3 3 3 3 3 7 Case #236: 31 1 1 1 1 1 1 1 1 1 1 1 1 1 1 1 1 1 1 1 1 1 1 1 1 1 1 1 3 3 3 5 Case #237: 31 1 1 1 1 1 1 1 1 1 1 1 1 1 1 1 1 1 1 1 1 1 1 1 1 1 1 1 1 1 1 11 Case #238: 18 1 1 1 1 1 1 1 1 1 1 1 2 2 2 3 5 5 11 Case #239: 16 1 1 1 1 1 2 2 2 2 2 3 3 3 3 3 11 Case #240: 16 1 1 1 1 1 1 1 1 1 2 2 2 3 3 7 13 Case #241: -1
Case #242: 25 1 1 1 1 1 1 1 1 1 1 1 1 1 1 1 1 1 1 1 1 1 1 3 3 13 Case #243: 16 1 1 1 2 2 2 2 2 3 3 3 3 3 3 5 5 Case #244: 29 1 1 1 1 1 1 1 1 1 1 1 1 1 1 1 1 1 1 1 1 1 1 1 1 1 1 1 7 7 Case #245: 27 1 1 1 1 1 1 1 1 1 1 1 1 1 1 1 1 1 1 1 1 1 1 1 1 2 2 13 Case #246: 22 1 1 1 1 1 1 1 1 1 1 1 1 2 2 2 2 2 3 3 3 5 5 Case #247: 21 1 1 1 1 1 1 1 1 1 1 1 1 1 2 2 3 3 3 3 5 7 Case #248: -1
Case #249: 21 1 1 1 1 1 1 1 2 2 2 2 2 2 2 2 3 3 3 3 3 3 Case #250: 22 1 1 1 1 1 1 1 1 1 1 1 1 1 1 1 2 2 2 3 3 7 7 Case #251: 22 1 1 1 1 1 1 1 2 2 2 2 2 2 2 2 2 2 2 2 2 3 5 Case #252: 18 1 1 1 1 1 1 1 2 2 2 2 2 2 2 3 5 5 7 Case #253: 16 1 1 1 1 1 2 2 2 2 2 3 3 5 5 5 5 Case #254: 23 1 1 1 1 1 1 1 1 1 1 1 1 1 2 2 2 2 2 2 3 3 5 5 Case #255: 17 1 1 1 1 1 1 1 1 1 2 2 3 3 3 3 5 11 Case #256: 15 1 1 1 1 1 1 1 1 2 2 2 2 7 7 11 Case #257: 29 1 1 1 1 1 1 1 1 1 1 1 1 1 1 1 1 1 1 1 1 1 1 1 1 1 1 3 5 7 Case #258: 17 1 1 1 1 1 2 2 2 2 3 3 3 3 3 3 3 7 Case #259: 17 1 1 1 1 1 1 1 1 1 1 2 2 3 3 3 7 11 Case #260: 11 1 1 1 1 1 1 1 1 1 3 29 Case #261: 9 1 1 1 1 1 1 1 3 31 Case #262: 20 1 1 1 1 1 1 1 1 1 1 1 1 1 1 2 2 2 5 5 11 Case #263: 18 1 1 1 1 1 1 1 1 1 2 2 2 3 3 3 5 5 7 Case #264: 14 1 1 1 2 2 2 3 3 3 3 5 5 5 5 Case #265: 19 1 1 1 1 1 1 1 1 1 1 1 2 2 3 3 5 5 5 5 Case #266: 21 1 1 1 1 1 1 1 1 1 1 1 1 1 2 2 2 2 3 3 7 7 Case #267: 25 1 1 1 1 1 1 1 1 1 1 1 1 1 1 1 2 2 2 2 2 2 2 2 5 5 Case #268: 17 1 1 1 1 1 1 1 2 2 2 2 3 3 3 3 3 11 Case #269: 21 1 1 1 1 1 2 2 2 2 2 2 2 2 2 2 2 2 2 2 3 5 Case #270: 22 1 1 1 1 1 1 1 1 1 1 1 1 1 1 1 2 3 3 3 5 5 5 Case #271: 32 1 1 1 1 1 1 1 1 1 1 1 1 1 1 1 1 1 1 1 1 1 1 1 1 1 1 2 2 2 3 3 3 Case #272: -1
Case #273: 20 1 1 1 1 1 1 1 1 1 1 1 2 2 2 2 2 3 5 5 7 Case #274: -1
Case #275: 17 1 1 1 1 1 1 1 1 2 2 2 2 3 5 5 5 7 Case #276: 10 1 1 1 1 1 1 1 1 2 31 Case #277: 22 1 1 1 1 1 1 1 1 1 1 1 2 2 2 2 2 2 2 3 3 5 5 Case #278: -1
Case #279: 13 1 1 1 1 1 1 2 2 3 3 3 5 17 Case #280: 25 1 1 1 1 1 1 1 1 1 1 1 1 1 1 1 1 1 2 2 2 2 3 3 5 5 Case #281: 22 1 1 1 1 2 2 2 2 2 2 2 2 2 2 2 2 2 2 2 2 2 3 Case #282: 13 1 1 1 1 2 2 2 2 2 2 3 5 17 Case #283: -1
Case #284: 18 1 1 1 1 1 1 1 1 1 1 1 1 2 2 2 5 5 13 Case #285: 25 1 1 1 1 1 1 1 1 1 1 1 1 1 1 1 1 2 2 2 2 2 2 3 3 7 Case #286: 35 1 1 1 1 1 1 1 1 1 1 1 1 1 1 1 1 1 1 1 1 1 1 1 1 1 1 1 1 1 1 1 1 3 3 3 Case #287: 14 1 1 1 1 1 2 2 2 3 5 5 5 5 7 Case #288: -1
Case #289: -1
Case #290: 19 1 1 1 1 1 1 1 1 2 2 2 2 3 3 3 3 3 5 5 Case #291: 19 1 1 1 1 1 1 1 2 2 2 2 2 2 2 2 2 2 3 11 Case #292: 22 1 1 1 1 1 1 1 1 2 2 2 2 2 2 2 2 2 2 2 3 3 5 Case #293: 21 1 1 1 1 1 1 1 1 1 1 1 1 1 1 1 1 1 1 1 3 19 Case #294: -1
Case #295: 32 1 1 1 1 1 1 1 1 1 1 1 1 1 1 1 1 1 1 1 1 1 1 1 1 1 1 1 1 1 2 5 5 Case #296: 19 1 1 1 1 1 1 1 1 1 1 1 1 1 1 1 1 1 1 23 Case #297: -1
Case #298: 24 1 1 1 1 1 1 1 1 1 1 1 1 1 2 2 2 2 2 2 2 3 3 3 5 Case #299: 21 1 1 1 1 1 1 1 1 1 1 1 1 1 1 2 2 3 3 3 3 11 Case #300: 15 1 1 1 1 1 2 2 2 2 3 3 3 3 3 13 Case #301: 21 1 1 1 1 1 1 1 1 1 1 1 2 2 3 3 3 3 3 3 3 5 Case #302: -1
Case #303: 21 1 1 1 1 1 1 2 2 2 2 2 2 2 2 2 2 3 3 3 3 3 Case #304: 22 1 1 1 1 1 1 1 1 1 1 1 1 2 2 2 2 2 2 2 5 5 5 Case #305: -1
Case #306: 14 1 1 1 1 1 1 2 2 2 3 3 3 7 13 Case #307: 23 1 1 1 1 1 1 1 1 1 1 1 1 1 1 2 2 2 2 3 3 3 5 5 Case #308: 17 1 1 1 1 1 1 1 1 1 1 2 2 3 3 5 5 11 Case #309: 33 1 1 1 1 1 1 1 1 1 1 1 1 1 1 1 1 1 1 1 1 1 1 1 1 1 1 1 1 1 3 3 3 3 Case #310: -1
Case #311: 15 1 1 1 1 1 1 2 2 2 2 3 3 7 7 7 Case #312: 16 1 1 1 1 2 2 2 2 2 2 2 2 2 3 5 11 Case #313: 24 1 1 1 1 1 1 1 1 1 1 1 1 1 1 1 1 1 1 1 1 1 1 2 17 Case #314: 24 1 1 1 1 1 1 1 1 1 1 1 2 2 2 2 2 2 2 2 2 3 3 3 3 Case #315: 26 1 1 1 1 1 1 1 1 1 1 1 1 1 1 1 1 1 1 1 1 1 1 1 2 5 11 Case #316: 25 1 1 1 1 1 1 1 1 1 1 1 1 1 1 1 1 1 1 2 2 2 2 3 5 7 Case #317: -1
Case #318: -1
Case #319: 13 1 1 1 2 2 2 2 3 3 5 5 7 7 Case #320: -1
Case #321: -1
Case #322: 18 1 1 1 1 1 1 2 2 2 2 2 2 2 2 2 5 5 7 Case #323: 6 1 1 1 2 17 19 Case #324: 29 1 1 1 1 1 1 1 1 1 1 1 1 1 1 1 1 1 1 2 2 2 2 2 2 2 2 2 2 3 Case #325: 18 1 1 1 1 1 1 1 1 1 2 2 2 3 3 3 3 7 7 Case #326: 22 1 1 1 1 1 1 1 1 1 1 1 1 1 1 2 2 2 2 2 3 7 7 Case #327: 27 1 1 1 1 1 1 1 1 1 1 1 1 1 1 1 1 1 1 1 1 1 1 1 1 1 5 11 Case #328: 19 1 1 1 1 1 1 1 1 1 1 1 1 1 1 1 1 1 5 19 Case #329: 16 1 1 1 1 1 2 2 2 2 2 2 2 3 3 5 11 Case #330: 24 1 1 1 1 1 1 1 1 1 1 1 1 1 1 1 1 2 2 2 2 2 3 5 7 Case #331: -1
Case #332: 13 1 1 1 1 1 1 2 2 5 5 7 7 7 Case #333: 34 1 1 1 1 1 1 1 1 1 1 1 1 1 1 1 1 1 1 1 1 1 1 1 1 1 1 1 1 1 1 2 3 3 3 Case #334: 21 1 1 1 1 1 1 1 1 1 1 1 1 3 3 3 3 3 3 3 3 5 Case #335: 23 1 1 1 1 1 1 1 1 1 1 1 1 1 1 1 1 3 3 3 3 3 5 5 Case #336: 20 1 1 1 1 1 1 1 1 2 2 2 2 2 2 2 3 3 3 3 7 Case #337: 17 1 1 1 1 1 1 1 2 2 2 2 2 2 3 5 7 7 Case #338: 13 1 1 1 1 1 1 1 1 1 1 1 1 29 Case #339: -1
Case #340: 22 1 1 1 1 1 1 1 1 1 1 1 2 2 2 2 2 2 2 3 3 3 7 Case #341: 20 1 1 1 1 1 1 1 1 2 2 2 2 2 2 2 2 2 3 5 7 Case #342: 18 1 1 1 1 2 2 2 2 2 2 2 2 2 2 2 5 5 5 Case #343: 28 1 1 1 1 1 1 1 1 1 1 1 1 1 1 1 1 1 1 1 1 1 1 2 3 3 3 3 5 Case #344: 12 1 1 1 2 2 2 2 2 3 3 5 17 Case #345: 21 1 1 1 1 1 1 1 1 1 1 1 2 2 2 2 2 2 3 5 5 5 Case #346: -1
Case #347: -1
Case #348: 23 1 1 1 1 1 1 1 1 1 1 1 1 1 1 1 1 2 2 2 2 3 3 11 Case #349: 25 1 1 1 1 1 1 1 1 1 1 1 1 1 1 1 1 1 1 1 3 3 3 3 3 7 Case #350: 23 1 1 1 1 1 1 1 1 1 1 1 1 1 1 1 1 1 1 1 1 1 7 13 Case #351: 9 1 1 2 2 2 2 3 5 23 Case #352: 21 1 1 1 1 2 2 2 2 2 2 2 2 2 2 2 2 2 2 3 3 3 Case #353: -1
Case #354: -1
Case #355: 35 1 1 1 1 1 1 1 1 1 1 1 1 1 1 1 1 1 1 1 1 1 1 1 1 1 1 1 1 1 1 1 1 2 2 5 Case #356: 17 1 1 1 1 2 2 2 2 2 2 2 2 2 2 5 5 7 Case #357: 20 1 1 1 1 1 1 2 2 2 2 2 2 2 2 2 2 2 3 5 5 Case #358: 15 1 1 1 1 1 1 1 1 1 2 2 2 2 7 17 Case #359: 23 1 1 1 1 1 1 1 1 1 1 2 2 2 2 2 2 2 2 3 3 3 3 3 Case #360: 17 1 1 1 1 1 1 1 1 1 2 2 2 2 2 2 7 13 Case #361: -1
Case #362: 17 1 1 1 1 1 1 2 2 2 2 3 3 3 3 5 5 5 Case #363: 20 1 1 1 1 1 2 2 2 2 2 2 2 2 2 2 2 3 3 3 5 Case #364: 19 1 1 1 1 1 1 1 1 2 2 3 3 3 3 3 3 3 3 5 Case #365: 38 1 1 1 1 1 1 1 1 1 1 1 1 1 1 1 1 1 1 1 1 1 1 1 1 1 1 1 1 1 1 1 1 1 1 1 2 2 2 Case #366: 3 5 17 19 Case #367: 20 1 1 1 1 1 1 1 1 1 1 1 2 2 2 2 2 5 5 5 5 Case #368: 23 1 1 1 1 1 1 1 1 1 1 1 1 1 2 2 2 2 3 3 3 3 3 5 Case #369: 19 1 1 1 1 1 2 2 2 2 2 2 2 2 2 2 3 3 5 5 Case #370: 16 1 1 1 1 1 1 1 1 1 1 2 3 5 5 5 11 Case #371: 20 1 1 1 1 1 1 1 1 1 1 1 1 2 2 2 3 3 3 3 11 Case #372: 20 1 1 1 1 1 1 1 1 1 1 2 3 3 3 3 3 3 3 3 5 Case #373: 21 1 1 1 1 1 1 1 1 1 1 1 1 1 1 2 2 3 3 5 5 7 Case #374: -1
Case #375: 22 1 1 1 1 1 1 1 1 1 1 1 2 2 2 3 3 3 3 3 3 3 3 Case #376: 21 1 2 2 2 2 2 2 2 2 2 2 2 2 2 2 2 2 2 2 2 2 Case #377: 11 1 1 1 1 1 1 1 1 1 1 31 Case #378: 31 1 1 1 1 1 1 1 1 1 1 1 1 1 1 1 1 1 1 1 1 1 1 2 2 2 2 2 2 2 2 3 Case #379: 41 1 1 1 1 1 1 1 1 1 1 1 1 1 1 1 1 1 1 1 1 1 1 1 1 1 1 1 1 1 1 1 1 1 1 1 1 1 1 1 1 1 Case #380: -1
Case #381: 20 1 1 1 1 1 1 1 1 1 1 1 1 1 1 2 3 5 5 5 7 Case #382: 8 1 1 1 2 2 2 3 29 Case #383: 14 1 1 1 2 2 2 2 2 3 3 3 3 5 11 Case #384: 22 1 1 1 1 1 1 1 1 1 1 1 1 1 1 1 1 2 2 2 5 7 7 Case #385: 18 1 1 1 1 1 1 2 2 2 2 2 2 2 2 2 3 3 11 Case #386: -1
Case #387: 29 1 1 1 1 1 1 1 1 1 1 1 1 1 1 1 1 1 1 1 1 1 1 2 2 2 2 2 2 7 Case #388: 17 1 1 1 1 1 1 2 2 2 2 2 2 3 3 3 3 11 Case #389: 19 1 1 1 1 1 1 1 2 2 2 2 2 2 3 3 3 3 5 5 Case #390: 20 1 1 1 1 1 1 1 1 1 1 1 1 1 2 3 3 3 3 7 7 Case #391: 23 1 1 1 1 1 1 1 1 1 1 1 1 1 1 1 2 2 3 3 3 3 3 7 Case #392: 31 1 1 1 1 1 1 1 1 1 1 1 1 1 1 1 1 1 1 1 1 1 1 1 1 1 1 2 2 2 2 7 Case #393: 20 1 1 1 1 1 1 1 1 1 1 1 2 2 2 3 3 3 5 5 5 Case #394: 18 1 1 1 1 1 1 1 1 2 2 2 3 3 3 3 5 5 5 Case #395: 13 1 1 1 1 1 2 2 3 3 3 3 3 17 Case #396: 21 1 1 1 1 1 1 1 1 1 1 1 2 2 2 2 3 3 3 3 5 5 Case #397: 13 1 1 1 2 2 2 2 3 3 3 5 5 11 Case #398: 22 1 1 1 1 1 1 1 1 1 1 1 1 1 2 2 2 3 3 3 3 5 5 Case #399: 12 1 1 1 2 3 3 5 5 5 5 5 5 Case #400: 19 1 1 1 1 1 1 1 1 1 1 2 2 2 2 2 2 5 7 7 Case #401: 13 1 1 1 1 2 2 3 3 3 3 3 5 13 Case #402: -1
Case #403: 19 1 1 1 1 1 1 2 2 2 2 2 2 2 2 3 3 3 3 7 Case #404: -1
Case #405: 22 1 1 1 1 1 1 1 1 1 1 1 1 1 1 1 2 2 2 3 3 3 11 Case #406: 25 1 1 1 1 1 1 1 1 1 1 1 1 1 1 1 1 1 1 2 2 2 2 5 5 5 Case #407: 17 1 1 1 1 1 2 2 2 2 2 2 2 2 3 3 3 11 Case #408: -1
Case #409: 19 1 1 1 1 1 1 1 1 1 1 1 1 1 2 2 2 2 3 17 Case #410: 24 1 1 1 1 1 1 1 1 1 1 1 1 1 1 1 2 2 2 2 2 2 2 5 7 Case #411: 26 1 1 1 1 1 1 1 1 1 1 1 1 2 2 2 2 2 2 2 2 2 2 2 2 2 3 Case #412: 15 1 1 1 1 1 1 2 2 3 3 3 5 5 5 7 Case #413: 20 1 1 1 1 1 1 1 1 1 1 1 1 1 1 2 2 2 3 7 11 Case #414: 26 1 1 1 1 1 1 1 1 1 1 1 1 1 1 1 1 1 1 1 2 2 2 3 3 3 7 Case #415: 24 1 1 1 1 1 1 1 1 1 1 1 1 1 1 1 2 3 3 3 3 3 3 3 3 Case #416: 14 1 1 1 1 1 1 1 2 3 3 5 5 5 11 Case #417: -1
Case #418: 17 1 1 1 1 1 1 1 1 1 2 2 3 3 3 5 7 7 Case #419: 26 1 1 1 1 1 1 1 1 1 1 1 1 1 1 2 2 2 2 2 2 2 2 2 3 3 3 Case #420: 28 1 1 1 1 1 1 1 1 1 1 1 1 1 1 1 1 1 1 1 1 1 1 1 1 1 2 3 11 Case #421: 20 1 1 1 1 2 2 2 2 2 2 2 2 2 2 2 2 2 3 3 5 Case #422: -1
Case #423: 20 1 1 1 1 1 1 1 1 1 1 1 2 2 2 3 3 3 3 5 7 Case #424: 13 1 1 1 1 1 1 2 2 2 2 3 5 19 Case #425: 15 1 1 1 1 1 1 1 1 1 1 1 1 1 5 23 Case #426: 23 1 1 1 1 1 1 1 1 1 1 1 2 2 2 2 2 2 2 2 2 2 5 5 Case #427: 23 1 1 1 1 1 1 1 1 1 1 1 1 1 1 1 1 1 3 3 3 5 5 5 Case #428: 21 1 1 1 1 1 1 1 1 1 1 1 2 2 2 2 2 2 2 2 3 11 Case #429: 21 1 1 1 1 1 1 1 1 1 1 1 1 1 1 2 2 3 5 5 5 5 Case #430: 14 1 1 1 1 1 1 2 2 2 3 3 3 3 17 Case #431: 20 1 1 1 1 1 1 1 1 1 1 2 2 2 2 2 2 2 3 7 7 Case #432: -1
Case #433: 25 1 1 1 1 1 1 1 1 1 1 1 1 1 1 1 1 1 1 1 1 1 3 3 7 7 Case #434: 26 1 1 1 1 1 1 1 1 1 1 1 1 1 1 1 1 1 1 2 2 2 2 2 3 5 5 Case #435: 12 1 1 1 1 2 3 3 5 5 5 7 7 Case #436: -1
Case #437: 18 1 1 1 1 1 1 1 1 1 1 1 2 2 2 3 3 5 13 Case #438: 21 1 1 1 1 1 1 2 2 2 2 2 2 2 2 2 2 2 2 3 3 5 Case #439: 24 1 1 1 1 1 1 1 1 1 1 1 1 1 1 1 1 1 2 3 3 3 3 5 5 Case #440: 26 1 1 1 1 1 1 1 1 1 1 1 1 1 1 1 1 2 2 2 2 2 2 2 2 2 7 Case #441: 19 1 1 1 1 1 1 1 1 1 1 1 1 2 2 2 2 3 7 11 Case #442: 14 1 1 1 1 1 1 2 2 2 5 5 5 7 7 Case #443: 27 1 1 1 1 1 1 1 1 1 1 1 1 1 1 1 1 1 1 1 1 2 2 2 2 3 3 7 Case #444: 17 1 1 1 1 2 2 2 2 3 3 3 3 3 3 3 3 5 Case #445: 21 1 1 1 1 1 1 1 1 1 1 1 1 1 1 2 2 2 2 3 5 11 Case #446: 23 1 1 1 1 1 1 1 1 1 1 2 2 2 2 2 2 2 2 2 2 3 3 5 Case #447: 14 1 1 1 1 2 2 2 2 2 3 3 3 7 11 Case #448: -1
Case #449: 12 1 1 2 2 2 2 2 3 5 5 5 11 Case #450: 18 1 1 1 1 1 1 1 1 2 2 2 3 3 3 3 3 5 7 Case #451: 25 1 1 1 1 1 1 1 1 1 1 1 2 2 2 2 2 2 2 2 2 2 2 2 3 3 Case #452: 16 1 1 1 1 2 2 2 2 2 3 3 3 3 3 5 7 Case #453: 12 1 1 1 2 2 2 3 3 3 5 7 11 Case #454: 19 1 1 1 1 1 1 1 1 1 1 1 2 2 2 2 3 3 3 13 Case #455: 18 1 1 1 1 1 1 1 1 1 1 2 2 2 2 2 3 7 11 Case #456: 17 1 1 1 1 1 2 2 2 2 2 2 2 2 3 3 7 7 Case #457: 22 1 1 1 1 1 1 1 1 1 1 1 1 1 2 3 3 3 3 3 3 3 5 Case #458: -1
Case #459: 11 1 1 1 1 1 1 1 1 2 2 29 Case #460: 22 1 1 1 2 2 2 2 2 2 2 2 2 2 2 2 2 2 2 2 2 2 2 Case #461: 16 1 1 1 1 1 1 2 2 2 2 2 3 3 5 7 7 Case #462: 3 1 3 37 Case #463: -1
Case #464: 35 1 1 1 1 1 1 1 1 1 1 1 1 1 1 1 1 1 1 1 1 1 1 1 1 1 1 1 1 1 2 2 2 2 2 2 Case #465: 23 1 1 1 1 1 1 1 1 1 1 2 2 2 2 2 2 2 2 2 2 2 2 7 Case #466: 20 1 1 1 1 1 1 1 1 1 2 2 2 3 3 3 3 3 3 3 5 Case #467: -1
Case #468: 17 1 1 1 1 1 2 2 2 2 3 3 3 3 3 3 5 5 Case #469: -1
Case #470: 16 1 1 1 1 1 2 2 2 2 2 3 3 3 3 7 7 Case #471: 12 1 1 1 2 3 3 3 3 3 5 5 11 Case #472: 19 1 1 1 1 1 1 1 1 1 2 2 2 2 2 2 3 3 3 11 Case #473: 11 1 1 2 2 2 2 3 7 7 7 7 Case #474: 13 1 1 1 1 2 2 2 2 2 2 3 11 11 Case #475: 13 1 1 1 1 1 2 2 2 2 3 3 3 19 Case #476: 27 1 1 1 1 1 1 1 1 1 1 1 1 1 1 1 1 2 2 2 2 2 2 2 2 2 2 5 Case #477: -1
Case #478: 13 1 1 1 1 1 2 2 3 3 3 5 7 11 Case #479: 18 1 1 1 1 1 1 1 1 1 2 2 2 3 3 5 5 5 5 Case #480: 14 1 1 1 1 1 2 2 2 2 2 5 7 7 7 Case #481: 16 1 1 1 1 1 1 2 3 3 3 3 3 3 5 5 5 Case #482: 18 1 1 1 1 2 2 2 2 2 2 2 3 3 3 3 3 3 5 Case #483: 23 1 1 1 1 1 1 1 1 1 1 1 1 1 1 1 1 1 2 2 3 3 7 7 Case #484: 21 1 1 1 1 1 1 1 1 2 2 2 2 2 2 2 2 2 2 3 3 7 Case #485: 17 1 1 1 1 1 1 2 2 2 2 2 2 3 3 5 5 7 Case #486: 24 1 1 1 1 1 1 1 1 1 1 1 1 1 1 1 2 2 2 2 2 3 3 5 5 Case #487: 21 1 1 1 1 1 1 1 1 1 1 1 1 2 2 2 2 3 3 5 5 5 Case #488: 19 1 1 1 1 1 1 1 2 2 2 2 2 2 2 2 3 3 5 7 Case #489: 12 1 1 1 1 1 2 2 2 3 7 7 13 Case #490: 15 1 1 1 1 1 1 2 2 2 2 3 5 5 7 7 Case #491: -1
Case #492: -1
Case #493: -1
Case #494: 23 1 1 1 1 1 1 1 1 2 2 2 2 2 2 2 2 2 2 2 2 3 3 3 Case #495: 15 1 1 1 1 1 2 2 2 2 2 2 2 2 3 17 Case #496: 24 1 1 1 1 1 1 1 1 1 1 1 1 1 1 1 1 1 2 2 2 3 3 5 7 Case #497: -1
Case #498: 34 1 1 1 1 1 1 1 1 1 1 1 1 1 1 1 1 1 1 1 1 1 1 1 1 1 1 1 1 1 1 1 1 2 7 Case #499: 25 1 1 1 1 1 1 1 1 1 1 1 1 1 1 1 1 2 2 2 2 2 2 3 5 5 Case #500: 5 1 1 1 1 37 Case #501: -1
Case #502: 11 1 1 1 1 1 2 2 3 3 7 19 Case #503: 17 1 1 1 1 1 1 1 1 2 2 3 3 3 3 5 5 7 Case #504: -1
Case #505: 18 1 1 1 1 1 1 1 1 1 1 1 2 3 3 3 5 7 7 Case #506: 14 1 1 1 1 1 1 2 2 2 3 3 5 5 13 Case #507: 39 1 1 1 1 1 1 1 1 1 1 1 1 1 1 1 1 1 1 1 1 1 1 1 1 1 1 1 1 1 1 1 1 1 1 1 1 1 1 3 Case #508: 15 1 1 1 1 2 2 2 2 2 2 3 3 3 5 11 Case #509: 11 1 1 2 2 2 2 2 2 3 11 13 Case #510: 18 1 1 1 1 1 1 1 1 1 2 2 2 2 2 2 2 5 13 Case #511: 18 1 1 1 1 1 1 1 1 1 2 2 2 3 3 3 3 3 11 Case #512: 21 1 1 1 1 1 1 1 1 1 1 2 2 2 2 2 2 2 2 2 2 11 Case #513: 16 1 1 1 1 2 2 2 2 2 3 3 3 3 5 5 5 Case #514: 15 1 1 1 1 1 1 2 2 2 2 5 5 5 5 7 Case #515: 10 1 1 1 1 1 2 3 3 5 23 Case #516: 22 1 1 1 1 1 1 1 1 2 2 2 2 2 2 2 2 2 3 3 3 3 3 Case #517: 15 1 1 1 1 1 2 2 3 3 3 3 5 5 5 5 Case #518: 16 1 1 1 1 1 2 2 2 3 3 3 3 3 5 5 5 Case #519: 22 1 1 1 1 1 1 1 1 1 1 1 1 1 1 1 1 1 1 1 2 3 17 Case #520: -1
Case #521: 24 1 1 1 1 1 1 1 1 1 1 1 1 1 1 2 2 2 2 2 2 2 3 3 7 Case #522: 11 1 1 2 2 2 2 3 5 5 7 11 Case #523: 26 1 1 1 1 1 1 1 1 1 1 1 1 1 1 1 1 1 2 2 2 2 2 2 2 3 7 Case #524: 39 1 1 1 1 1 1 1 1 1 1 1 1 1 1 1 1 1 1 1 1 1 1 1 1 1 1 1 1 1 1 1 1 1 1 1 1 1 2 2 Case #525: 25 1 1 1 1 1 1 1 1 1 1 1 1 1 1 1 2 2 2 2 2 2 2 2 3 7 Case #526: -1
Case #527: 20 1 1 1 1 1 1 1 1 1 1 1 1 1 1 2 3 3 5 7 7 Case #528: 18 1 1 1 1 1 1 1 1 1 1 1 2 2 2 5 5 7 7 Case #529: -1
Case #530: 8 1 1 2 2 2 3 7 23 Case #531: 16 1 1 1 1 1 1 1 1 1 1 2 2 2 7 7 11 Case #532: 22 1 1 1 1 1 1 1 1 1 2 2 2 2 2 2 2 3 3 3 3 3 3 Case #533: -1
Case #534: 20 1 1 1 1 1 1 1 1 1 1 1 1 1 1 1 2 3 3 7 11 Case #535: 17 1 1 1 2 2 2 2 2 2 3 3 3 3 3 3 3 5 Case #536: 24 1 1 1 1 1 1 1 1 1 1 1 1 1 2 2 2 2 2 2 2 2 2 5 5 Case #537: 17 1 1 1 1 1 1 1 1 2 2 2 2 2 2 7 7 7 Case #538: 28 1 1 1 1 1 1 1 1 1 1 1 1 1 1 1 1 1 1 1 1 1 1 2 2 2 3 3 7 Case #539: 22 1 1 1 1 1 1 1 1 1 1 1 1 2 2 2 3 3 3 3 3 3 5 Case #540: 21 1 1 1 1 1 1 1 1 1 1 1 1 2 2 3 3 3 3 3 5 5 Case #541: 21 1 1 1 1 1 2 2 2 2 2 2 2 2 2 2 2 2 3 3 3 3 Case #542: 15 1 1 1 1 1 1 1 1 2 2 2 2 3 3 19 Case #543: 30 1 1 1 1 1 1 1 1 1 1 1 1 1 1 1 1 1 1 1 1 1 1 1 1 1 1 1 2 5 7 Case #544: 34 1 1 1 1 1 1 1 1 1 1 1 1 1 1 1 1 1 1 1 1 1 1 1 1 1 1 1 1 1 1 2 2 2 5 Case #545: 29 1 1 1 1 1 1 1 1 1 1 1 1 1 1 1 1 1 1 1 1 1 1 1 1 1 1 2 2 11 Case #546: 22 1 1 1 1 1 2 2 2 2 2 2 2 2 2 2 2 2 2 2 2 3 3 Case #547: 17 1 1 1 1 1 1 1 1 1 1 1 2 2 3 3 3 17 Case #548: 29 1 1 1 1 1 1 1 1 1 1 1 1 1 1 1 1 1 1 1 1 2 2 2 2 2 2 3 3 3 Case #549: 20 1 1 1 1 1 1 1 1 1 1 1 2 2 2 2 2 2 2 5 11 Case #550: 19 1 1 1 1 1 1 1 1 1 1 1 1 2 2 3 5 5 5 7 Case #551: 14 1 1 1 2 2 2 2 2 2 2 3 5 5 11 Case #552: 18 1 1 1 1 1 1 1 1 1 1 1 2 3 3 5 5 5 7 Case #553: 21 1 1 1 1 1 1 1 1 1 1 2 2 2 2 3 3 3 3 3 3 5 Case #554: 12 1 1 1 2 3 3 3 5 5 5 5 7 Case #555: 14 1 1 2 2 2 2 2 2 2 3 5 5 5 7 Case #556: -1
Case #557: 15 1 1 1 1 2 2 2 2 2 2 5 5 5 5 5 Case #558: 23 1 1 1 1 1 1 1 1 1 2 2 2 2 2 2 2 2 2 2 2 2 3 5 Case #559: 22 1 1 1 1 1 1 1 1 1 1 2 2 2 2 2 2 2 3 3 3 3 5 Case #560: 32 1 1 1 1 1 1 1 1 1 1 1 1 1 1 1 1 1 1 1 1 1 1 1 1 1 1 2 2 2 2 2 5 Case #561: 20 1 1 1 1 1 1 1 1 1 2 2 2 2 2 2 2 3 5 5 5 Case #562: 17 1 1 1 1 1 1 1 1 1 1 2 2 3 3 7 7 7 Case #563: 26 1 1 1 1 1 1 1 1 1 1 1 1 1 2 2 2 2 2 2 2 2 2 2 2 3 3 Case #564: 19 1 1 1 1 2 2 2 2 2 2 2 2 2 2 3 3 3 3 5 Case #565: 24 1 1 1 1 1 1 1 1 1 1 1 1 1 1 1 1 2 3 3 3 3 3 3 5 Case #566: 22 1 1 1 1 1 1 1 1 1 1 1 1 1 1 2 2 2 3 3 3 5 7 Case #567: 14 1 1 1 1 1 2 2 2 3 3 3 3 7 11 Case #568: 33 1 1 1 1 1 1 1 1 1 1 1 1 1 1 1 1 1 1 1 1 1 1 1 1 1 1 1 1 1 1 1 3 7 Case #569: -1
Case #570: 20 1 1 1 1 1 1 2 2 2 2 2 2 2 3 3 3 3 3 3 3 Case #571: 20 1 1 1 1 1 1 1 2 2 2 2 2 2 2 2 2 3 3 3 7 Case #572: -1
Case #573: -1
Case #574: 15 1 1 1 2 2 2 2 2 2 3 3 5 5 5 5 Case #575: 20 1 1 1 1 1 1 1 1 1 1 1 2 2 2 2 2 3 3 7 7 Case #576: 12 1 1 1 2 3 3 3 3 3 3 5 13 Case #577: 25 1 1 1 1 1 1 1 1 1 1 1 1 1 1 1 1 1 2 2 2 2 3 3 3 7 Case #578: -1
Case #579: 23 1 1 1 1 1 1 1 1 1 1 1 1 1 1 1 2 2 2 2 3 3 5 7 Case #580: 20 1 1 1 1 1 1 1 1 1 1 2 2 2 2 2 2 2 3 3 11 Case #581: -1
Case #582: 21 1 1 1 1 1 1 1 1 1 1 1 1 2 2 2 2 2 2 3 7 7 Case #583: 25 1 1 1 1 1 1 1 1 1 1 1 1 1 1 1 1 1 1 1 1 2 2 5 5 7 Case #584: 18 1 1 1 1 1 1 1 1 1 1 1 1 1 1 1 1 2 23 Case #585: -1
Case #586: 18 1 1 1 1 1 1 1 1 1 1 2 3 3 3 5 5 5 5 Case #587: -1
Case #588: 25 1 1 1 1 1 1 1 1 1 1 1 1 1 1 1 1 1 1 1 1 1 1 1 1 17 Case #589: -1
Case #590: -1
Case #591: 15 1 1 1 1 1 2 2 3 3 3 3 3 3 3 11 Case #592: 21 1 1 2 2 2 2 2 2 2 2 2 2 2 2 2 2 2 2 2 2 3 Case #593: 28 1 1 1 1 1 1 1 1 1 1 1 1 1 1 1 1 1 1 1 2 2 2 2 2 2 2 3 5 Case #594: 18 1 1 1 1 1 1 1 2 2 2 2 2 2 2 3 3 3 11 Case #595: 18 1 1 1 2 2 2 2 2 2 2 2 2 3 3 3 3 3 5 Case #596: -1
Case #597: 19 1 1 1 1 1 1 2 2 2 2 3 3 3 3 3 3 3 3 3 Case #598: 27 1 1 1 1 1 1 1 1 1 1 1 1 1 1 1 1 1 1 1 2 2 2 2 3 3 3 5 Case #599: 18 1 1 1 1 1 1 1 1 1 2 2 2 2 2 3 3 5 11 Case #600: 19 1 1 1 1 2 2 2 2 2 2 2 2 2 2 2 2 3 5 5 Case #601: 12 1 1 2 2 2 3 5 5 5 5 5 5 Case #602: -1
Case #603: 18 1 1 1 1 1 1 1 1 1 1 1 1 2 3 3 3 5 13 Case #604: -1
Case #605: 21 1 1 1 1 1 1 1 2 2 2 2 2 2 2 2 2 2 3 3 3 5 Case #606: 20 1 1 1 1 1 1 1 1 2 2 2 2 2 2 2 3 3 3 5 5 Case #607: 18 1 1 1 1 1 1 1 2 2 2 2 2 3 3 3 3 5 7 Case #608: 37 1 1 1 1 1 1 1 1 1 1 1 1 1 1 1 1 1 1 1 1 1 1 1 1 1 1 1 1 1 1 1 1 1 1 1 1 5 Case #609: 15 1 1 1 2 2 2 2 2 2 2 2 3 3 5 11 Case #610: 20 1 1 1 1 1 1 1 2 2 2 2 2 2 2 2 2 3 3 5 5 Case #611: 20 1 1 1 2 2 2 2 2 2 2 2 2 2 2 2 2 2 2 3 5 Case #612: 33 1 1 1 1 1 1 1 1 1 1 1 1 1 1 1 1 1 1 1 1 1 1 1 1 1 1 1 1 2 2 3 3 3 Case #613: 21 1 1 1 1 1 1 2 2 2 2 2 2 2 2 2 2 2 2 2 2 7 Case #614: 24 1 1 1 1 1 1 1 1 1 1 1 1 1 1 1 1 1 1 2 3 3 5 5 5 Case #615: 27 1 1 1 1 1 1 1 1 1 1 1 1 1 1 1 1 1 1 2 2 2 2 2 2 3 3 5 Case #616: -1
Case #617: 17 1 1 1 1 1 1 1 1 2 2 3 3 3 3 3 7 7 Case #618: 24 1 1 1 1 1 1 1 1 1 1 1 1 1 1 2 2 2 2 2 3 3 3 3 5 Case #619: 18 1 1 1 1 1 2 2 2 2 2 3 3 3 3 3 3 3 5 Case #620: 18 1 1 1 1 1 2 2 2 2 2 2 2 2 2 3 3 5 7 Case #621: 19 1 1 1 1 1 1 1 1 2 2 2 2 2 2 3 3 3 5 7 Case #622: 21 1 1 1 1 1 1 1 1 1 1 1 1 1 1 1 1 2 2 5 5 11 Case #623: 24 1 1 1 1 1 1 1 1 1 1 1 1 1 1 1 1 1 1 2 3 3 3 5 7 Case #624: 29 1 1 1 1 1 1 1 1 1 1 1 1 1 1 1 1 1 1 1 1 1 1 1 1 1 1 5 5 5 Case #625: 14 1 1 1 1 1 2 2 2 2 2 2 2 3 19 Case #626: 27 1 1 1 1 1 1 1 1 1 1 1 1 1 1 1 1 1 1 1 1 1 1 1 1 3 3 11 Case #627: 7 1 1 1 1 1 17 19 Case #628: 13 1 1 1 1 1 1 2 2 3 5 5 7 11 Case #629: 21 1 1 1 1 1 1 1 1 1 1 2 2 2 2 2 2 2 2 5 5 5 Case #630: 28 1 1 1 1 1 1 1 1 1 1 1 1 1 1 1 1 1 1 1 1 1 1 1 1 1 2 7 7 Case #631: 17 1 1 1 1 1 1 1 2 2 2 2 3 3 3 5 5 7 Case #632: 31 1 1 1 1 1 1 1 1 1 1 1 1 1 1 1 1 1 1 1 1 1 1 1 2 2 2 2 2 2 3 3 Case #633: 10 1 1 2 2 2 2 2 3 7 19 Case #634: 14 1 1 1 2 2 2 2 2 3 5 5 5 5 5 Case #635: 15 1 1 1 1 2 2 2 2 2 2 3 5 5 5 7 Case #636: 16 1 1 1 1 1 1 2 2 2 2 2 3 5 5 5 7 Case #637: 18 1 1 1 1 1 1 1 1 2 2 2 2 2 3 3 3 3 11 Case #638: 23 1 1 1 1 1 1 1 1 1 1 1 2 2 2 2 2 2 2 2 2 2 3 7 Case #639: -1
Case #640: 19 1 1 1 1 1 1 1 1 1 1 1 1 2 2 2 2 3 5 13 Case #641: 18 1 1 1 1 1 1 1 1 1 1 2 2 2 3 3 5 7 7 Case #642: 25 1 1 1 1 1 1 1 1 1 1 1 1 1 1 1 1 1 1 3 3 3 3 3 3 5 Case #643: -1
Case #644: 13 1 1 1 1 1 2 2 3 3 5 5 5 11 Case #645: 23 1 1 1 1 1 1 1 1 1 1 1 1 1 1 1 1 2 2 2 2 3 7 7 Case #646: 26 1 1 1 1 1 1 1 1 1 1 1 1 1 1 1 1 1 1 2 3 3 3 3 3 3 3 Case #647: 22 1 1 1 1 1 1 1 1 1 1 1 1 1 1 2 2 2 2 2 3 3 11 Case #648: -1
Case #649: 21 1 1 1 1 1 1 1 1 1 1 1 1 1 1 1 1 1 1 2 2 19 Case #650: 14 1 1 1 1 1 1 2 3 3 3 5 5 7 7 Case #651: 28 1 1 1 1 1 1 1 1 1 1 1 1 1 1 1 1 1 1 1 1 1 1 1 1 2 2 2 11 Case #652: 18 1 1 1 1 1 1 1 1 2 2 2 2 2 3 5 5 5 5 Case #653: 20 1 1 1 1 1 1 1 1 1 2 2 2 2 2 2 2 3 3 5 7 Case #654: 13 1 1 1 1 1 1 1 1 1 1 5 7 19 Case #655: 16 1 1 1 1 1 1 1 2 2 2 3 3 3 5 7 7 Case #656: 18 1 1 1 1 1 1 2 2 2 3 3 3 3 3 3 3 3 5 Case #657: 25 1 1 1 1 1 1 1 1 1 1 1 1 2 2 2 2 2 2 2 2 2 2 2 2 5 Case #658: 13 1 1 1 1 1 2 2 2 2 3 5 7 13 Case #659: 25 1 1 1 1 1 1 1 1 1 1 1 1 1 1 1 1 2 2 3 3 3 3 3 3 3 Case #660: 13 1 1 1 1 2 2 2 2 2 2 5 7 13 Case #661: 25 1 1 1 1 1 1 1 1 1 1 1 1 1 1 1 1 1 1 1 2 2 3 5 5 5 Case #662: 19 1 1 1 1 1 1 2 2 2 2 2 2 2 2 2 2 3 5 7 Case #663: -1
Case #664: -1
Case #665: 18 1 1 1 1 2 2 2 2 2 2 2 2 2 2 2 3 5 7 Case #666: 14 1 1 1 1 2 2 2 2 2 2 2 5 7 11 Case #667: 19 1 1 1 1 1 1 1 1 1 1 2 2 2 2 2 2 3 5 11 Case #668: 16 1 1 1 1 1 1 1 1 2 2 2 3 3 5 5 11 Case #669: 18 1 1 2 2 2 2 2 2 2 2 2 2 2 2 2 3 5 5 Case #670: 19 1 1 1 1 1 1 1 2 2 2 2 2 2 3 3 3 3 3 7 Case #671: 21 1 1 1 1 1 1 1 1 1 1 1 2 2 2 2 2 2 3 3 5 7 Case #672: 24 1 1 1 1 1 1 1 1 1 1 1 1 1 2 2 2 2 2 3 3 3 3 3 3 Case #673: 17 1 1 1 1 2 2 2 2 2 2 3 3 3 3 3 5 5 Case #674: 37 1 1 1 1 1 1 1 1 1 1 1 1 1 1 1 1 1 1 1 1 1 1 1 1 1 1 1 1 1 1 1 1 1 2 2 2 2 Case #675: 15 1 1 2 2 2 2 2 2 2 2 2 2 3 5 11 Case #676: 17 1 1 1 1 1 2 2 2 2 2 2 3 3 3 5 5 5 Case #677: 33 1 1 1 1 1 1 1 1 1 1 1 1 1 1 1 1 1 1 1 1 1 1 1 1 1 1 1 1 1 1 1 5 5 Case #678: 17 1 1 1 1 1 1 1 1 2 2 2 2 3 3 3 5 11 Case #679: 23 1 1 1 1 1 1 1 1 1 1 1 1 1 1 1 1 1 1 3 3 3 7 7 Case #680: -1
Case #681: 23 1 1 1 1 1 1 1 1 1 1 1 1 2 2 2 2 2 2 2 2 3 3 7 Case #682: 13 1 1 1 1 1 1 1 1 1 1 7 11 13 Case #683: 23 1 1 1 1 1 1 1 1 1 1 1 1 2 2 2 2 2 2 2 2 3 5 5 Case #684: 13 1 1 1 1 1 2 2 2 2 3 3 5 17 Case #685: 19 1 1 1 1 1 1 1 1 1 2 2 2 2 3 3 3 5 5 5 Case #686: 21 1 1 1 1 1 1 1 1 1 2 2 2 2 3 3 3 3 3 3 3 3 Case #687: 17 1 1 1 1 1 1 1 2 2 3 3 3 3 3 5 5 5 Case #688: 14 1 1 1 1 1 1 2 2 2 2 2 5 7 13 Case #689: 24 1 1 1 1 1 1 1 1 1 1 1 1 2 2 2 2 2 2 2 2 2 3 3 5 Case #690: 17 1 1 1 1 1 1 1 1 2 2 2 2 5 5 5 5 5 Case #691: 30 1 1 1 1 1 1 1 1 1 1 1 1 1 1 1 1 1 1 1 1 1 1 1 1 1 1 1 1 2 11 Case #692: 19 1 1 1 1 1 1 1 1 1 1 1 2 2 2 2 2 2 5 13 Case #693: -1
Case #694: 13 1 1 1 1 1 2 2 3 3 3 5 5 13 Case #695: 19 1 1 1 1 1 1 1 1 1 1 2 2 2 2 3 3 3 3 11 Case #696: 13 1 1 1 1 1 1 1 2 2 5 5 7 13 Case #697: 26 1 1 1 1 1 1 1 1 1 1 1 2 2 2 2 2 2 2 2 2 2 2 2 2 2 2 Case #698: 15 1 1 1 1 1 1 2 2 2 2 3 3 5 5 11 Case #699: -1
Case #700: 24 1 1 1 1 1 1 1 1 1 1 1 1 1 1 1 1 1 2 2 2 2 2 3 11 Case #701: -1
Case #702: 26 1 1 1 1 1 1 1 1 1 1 1 1 1 1 1 1 1 2 2 2 2 2 3 3 3 5 Case #703: 24 1 1 1 1 1 1 1 1 1 1 2 2 2 2 2 2 2 2 2 2 2 2 2 5 Case #704: 12 1 1 1 2 2 2 3 3 3 5 5 13 Case #705: 27 1 1 1 1 1 1 1 1 1 1 1 1 1 1 2 2 2 2 2 2 2 2 2 2 2 2 3 Case #706: 17 1 1 1 1 1 2 2 3 3 3 3 3 3 3 3 3 5 Case #707: 18 1 1 1 1 1 1 1 1 2 2 2 2 2 3 3 3 7 7 Case #708: 17 1 1 1 1 1 1 1 1 1 2 2 2 2 3 7 7 7 Case #709: -1
Case #710: 17 1 1 1 1 1 1 1 1 1 1 1 1 2 2 7 7 11 Case #711: 21 1 1 1 1 1 1 1 1 2 2 2 2 2 2 2 2 3 3 3 3 5 Case #712: 22 1 1 1 1 1 1 1 1 1 1 1 1 1 1 2 3 3 3 3 3 5 5 Case #713: 7 1 1 1 5 7 7 19 Case #714: -1
Case #715: 18 1 1 1 1 1 1 1 1 1 2 2 2 2 2 3 3 3 13 Case #716: -1
Case #717: 23 1 1 1 1 1 1 1 1 1 1 1 1 1 1 1 1 1 1 1 1 2 2 17 Case #718: -1
Case #719: 11 1 1 2 2 2 2 2 2 3 7 17 Case #720: 3 11 13 17 Case #721: 21 1 1 1 1 1 1 1 1 1 2 2 2 2 2 2 2 2 3 3 5 5 Case #722: -1
Case #723: 17 1 1 1 1 1 2 2 2 2 2 2 3 3 3 3 5 7 Case #724: 27 1 1 1 1 1 1 1 1 1 1 1 1 1 1 1 1 1 1 1 1 1 1 2 2 3 5 7 Case #725: 21 1 1 1 1 1 1 1 1 2 2 2 2 2 2 2 2 2 2 3 5 5 Case #726: 35 1 1 1 1 1 1 1 1 1 1 1 1 1 1 1 1 1 1 1 1 1 1 1 1 1 1 1 1 1 1 1 1 1 1 7 Case #727: 19 1 1 1 1 1 1 1 1 1 3 3 3 3 3 3 3 3 3 5 Case #728: 25 1 1 1 1 1 1 1 1 1 1 1 1 1 1 1 2 2 2 2 3 3 3 3 3 3 Case #729: 17 1 1 1 2 2 2 2 2 2 2 2 2 2 3 3 5 7 Case #730: 31 1 1 1 1 1 1 1 1 1 1 1 1 1 1 1 1 1 1 1 1 1 1 1 1 1 1 1 1 1 5 7 Case #731: 22 1 1 1 1 1 1 1 1 1 1 1 1 1 2 2 2 2 2 3 5 5 5 Case #732: 31 1 1 1 1 1 1 1 1 1 1 1 1 1 1 1 1 1 1 1 1 1 1 1 1 1 1 1 1 3 5 5 Case #733: -1
Case #734: 13 1 1 2 2 2 2 2 2 2 2 3 7 13 Case #735: -1
Case #736: -1
Case #737: 26 1 1 1 1 1 1 1 1 1 1 1 1 1 1 1 2 2 2 2 2 2 2 2 2 3 5 Case #738: 16 1 1 1 1 1 1 1 2 2 2 3 3 3 3 5 11 Case #739: 17 1 1 1 1 1 1 2 2 2 2 3 3 3 3 3 5 7 Case #740: 20 1 1 1 1 1 1 1 1 1 1 2 2 2 3 3 3 3 3 5 5 Case #741: 26 1 1 1 1 1 1 1 1 1 1 1 1 1 1 1 1 1 1 1 1 1 1 2 2 2 13 Case #742: 18 1 1 1 1 1 1 1 1 1 1 1 1 2 3 3 3 7 11 Case #743: 29 1 1 1 1 1 1 1 1 1 1 1 1 1 1 1 1 1 1 1 1 1 1 1 1 1 3 3 3 7 Case #744: 28 1 1 1 1 1 1 1 1 1 1 1 1 1 1 1 1 1 1 1 2 2 2 2 2 3 3 3 3 Case #745: 17 1 1 1 1 1 1 1 1 1 1 1 2 2 3 5 7 11 Case #746: 23 1 1 1 1 1 1 1 1 1 1 1 1 2 2 2 2 2 2 3 3 3 3 5 Case #747: 16 1 1 1 1 1 1 1 1 1 1 2 3 3 5 7 11 Case #748: 16 1 1 1 1 2 2 2 2 2 2 2 2 2 5 7 7 Case #749: 16 1 1 1 1 1 2 2 2 2 2 2 2 3 3 3 13 Case #750: 21 1 1 1 1 1 1 1 1 1 1 1 2 2 2 2 2 2 2 2 7 7 Case #751: 12 1 1 1 2 2 2 3 3 5 7 7 7 Case #752: 20 1 1 2 2 2 2 2 2 2 2 2 2 2 2 2 2 2 2 2 5 Case #753: 30 1 1 1 1 1 1 1 1 1 1 1 1 1 1 1 1 1 1 1 1 1 1 1 1 2 2 2 2 2 7 Case #754: 24 1 1 1 1 1 1 1 1 1 1 2 2 2 2 2 2 2 2 2 2 2 3 3 3 Case #755: 20 1 1 1 1 1 1 1 1 1 1 1 1 2 2 2 2 2 3 5 11 Case #756: 35 1 1 1 1 1 1 1 1 1 1 1 1 1 1 1 1 1 1 1 1 1 1 1 1 1 1 1 1 1 1 1 2 2 3 3 Case #757: 10 1 1 1 1 2 3 3 5 5 19 Case #758: 13 1 1 1 1 1 2 2 2 2 3 3 11 11 Case #759: 25 1 1 1 1 1 1 1 1 1 1 1 1 1 1 1 1 2 2 2 2 3 3 3 3 5 Case #760: 20 1 1 1 1 1 1 1 1 1 1 1 1 1 2 3 3 3 5 5 7 Case #761: 14 1 1 1 2 2 2 3 3 3 3 3 5 5 7 Case #762: 28 1 1 1 1 1 1 1 1 1 1 1 1 1 1 1 1 1 1 1 1 2 2 2 3 3 3 3 3 Case #763: 16 1 1 1 1 1 1 1 1 1 1 1 2 3 5 7 13 Case #764: 20 1 1 1 1 1 1 1 1 2 2 2 3 3 3 3 3 3 3 3 3 Case #765: 5 1 1 3 17 19 Case #766: 34 1 1 1 1 1 1 1 1 1 1 1 1 1 1 1 1 1 1 1 1 1 1 1 1 1 1 1 2 2 2 2 2 2 2 Case #767: -1
Case #768: -1
Case #769: 21 1 1 1 1 1 1 1 1 1 1 1 1 1 1 1 1 1 1 1 5 17 Case #770: -1
Case #771: 3 1 17 23 Case #772: 37 1 1 1 1 1 1 1 1 1 1 1 1 1 1 1 1 1 1 1 1 1 1 1 1 1 1 1 1 1 1 1 1 1 1 1 3 3 Case #773: 17 1 1 1 1 2 2 2 2 2 2 2 2 3 3 5 5 5 Case #774: 14 1 1 1 1 2 2 2 2 2 3 3 3 5 13 Case #775: 22 1 1 1 1 1 1 1 1 1 1 1 2 2 2 2 2 3 3 3 3 3 5 Case #776: 28 1 1 1 1 1 1 1 1 1 1 1 1 1 1 1 1 1 2 2 2 2 2 2 2 2 2 3 3 Case #777: 19 1 1 1 1 1 1 1 1 1 1 2 2 2 2 3 3 3 7 7 Case #778: 33 1 1 1 1 1 1 1 1 1 1 1 1 1 1 1 1 1 1 1 1 1 1 1 1 1 1 2 2 2 2 2 2 3 Case #779: 17 1 1 1 1 1 2 2 2 2 2 2 2 2 2 2 3 13 Case #780: 15 1 1 1 1 2 2 3 3 3 3 3 3 3 5 7 Case #781: 26 1 1 1 1 1 1 1 1 1 1 1 1 1 1 1 1 2 2 2 2 2 3 3 3 3 3 Case #782: 19 1 1 1 1 1 1 1 1 1 1 1 2 2 3 3 3 3 7 7 Case #783: 18 1 1 1 1 1 2 2 2 2 2 2 2 2 2 2 2 3 11 Case #784: -1
Case #785: 12 1 1 2 2 2 2 2 3 5 7 7 7 Case #786: 21 1 1 1 1 1 1 1 1 1 1 1 1 1 2 2 2 2 5 5 5 5 Case #787: 22 1 1 1 1 1 1 1 1 1 1 1 2 2 2 2 2 2 2 2 2 5 7 Case #788: 21 1 1 1 1 1 1 1 1 1 1 1 1 2 2 2 2 3 3 3 5 7 Case #789: 18 1 1 1 1 1 1 2 2 2 2 2 3 3 3 3 3 3 7 Case #790: 22 1 1 1 1 1 1 1 1 1 2 2 2 2 2 2 2 2 2 3 3 3 5 Case #791: -1
Case #792: 27 1 1 1 1 1 1 1 1 1 1 1 1 1 1 1 1 1 1 1 2 2 2 2 2 2 5 5 Case #793: 19 1 1 1 1 1 1 1 1 2 2 2 2 2 2 3 3 5 5 5 Case #794: -1
Case #795: 21 1 1 1 1 1 1 1 1 1 1 2 2 2 2 2 2 2 2 3 5 7 Case #796: 20 1 1 1 1 1 2 2 2 2 2 2 2 2 2 2 2 2 2 3 7 Case #797: 11 1 1 1 1 2 2 2 2 3 3 23 Case #798: 33 1 1 1 1 1 1 1 1 1 1 1 1 1 1 1 1 1 1 1 1 1 1 1 1 1 1 1 1 1 1 3 3 5 Case #799: 14 1 1 1 2 2 2 2 2 3 3 3 5 7 7 Case #800: 17 1 1 1 1 1 1 1 2 2 2 2 2 2 3 3 3 13 Case #801: 17 1 1 1 1 1 1 1 2 2 2 2 3 3 3 3 7 7 Case #802: 15 1 1 1 1 2 2 3 3 3 3 3 3 5 5 5 Case #803: 21 1 1 1 1 1 1 1 1 1 1 1 1 1 1 1 1 1 1 1 11 11 Case #804: 20 1 1 1 1 1 1 1 2 2 2 2 2 2 2 3 3 3 3 3 5 Case #805: 24 1 1 1 1 1 1 1 1 1 2 2 2 2 2 2 2 2 2 2 2 2 2 3 3 Case #806: 22 1 1 1 1 1 1 1 1 1 1 1 1 1 1 2 2 2 2 2 5 5 7 Case #807: -1
Case #808: 18 1 1 1 1 1 1 1 2 2 2 2 2 2 2 3 3 7 7 Case #809: 32 1 1 1 1 1 1 1 1 1 1 1 1 1 1 1 1 1 1 1 1 1 1 1 1 1 1 1 1 1 2 3 7 Case #810: 16 1 1 1 1 1 1 1 1 1 2 2 2 2 2 3 19 Case #811: 10 1 1 1 1 2 3 3 5 7 17 Case #812: 14 1 1 1 2 2 2 2 2 2 2 3 3 5 13 Case #813: 14 1 1 1 2 2 2 2 2 3 3 5 5 5 7 Case #814: 24 1 1 1 1 1 1 1 1 1 1 1 1 1 1 1 1 2 2 2 3 3 3 5 5 Case #815: 19 1 1 1 1 1 1 1 1 1 2 2 2 2 2 2 3 5 5 7 Case #816: 25 1 1 1 1 1 1 1 1 1 1 1 1 1 1 1 1 1 1 1 1 1 1 1 7 11 Case #817: -1
Case #818: 12 1 1 1 1 1 1 1 1 1 1 2 29 Case #819: 25 1 1 1 1 1 1 1 1 1 2 2 2 2 2 2 2 2 2 2 2 2 2 2 2 2 Case #820: 27 1 1 1 1 1 1 1 1 1 1 1 1 1 1 1 2 2 2 2 2 2 2 2 2 2 3 3 Case #821: 15 1 1 1 1 1 1 1 1 2 2 3 3 5 7 11 Case #822: 26 1 1 1 1 1 1 1 1 1 1 1 1 1 1 2 2 2 2 2 2 2 2 2 2 2 5 Case #823: 24 1 1 1 1 1 1 1 1 1 1 1 1 1 1 2 2 2 2 2 2 2 3 5 5 Case #824: -1
Case #825: 15 1 1 1 1 1 1 1 1 2 2 2 2 3 11 11 Case #826: 10 1 1 1 2 3 3 5 5 7 13 Case #827: 23 1 1 1 1 1 1 1 1 2 2 2 2 2 2 2 2 2 2 2 2 2 2 5 Case #828: 22 1 1 1 1 1 1 2 2 2 2 2 2 2 2 2 2 2 2 2 3 3 3 Case #829: -1
Case #830: 17 1 1 1 2 2 2 2 2 2 2 2 3 3 3 3 5 5 Case #831: 16 1 1 1 1 1 1 1 1 1 2 2 2 5 5 5 11 Case #832: 25 1 1 1 1 1 1 1 1 1 1 1 1 1 1 1 1 1 1 2 2 3 3 3 3 7 Case #833: 21 1 1 1 1 1 1 1 1 1 1 1 1 1 1 1 3 3 5 5 5 5 Case #834: 16 1 1 1 1 1 1 1 2 3 3 3 3 5 5 5 5 Case #835: 13 1 1 2 2 2 2 2 2 3 5 5 7 7 Case #836: -1
Case #837: 5 1 1 1 19 19 Case #838: 16 1 1 1 1 1 1 1 2 2 2 3 3 5 5 5 7 Case #839: 13 1 1 1 1 2 2 3 3 3 3 5 5 11 Case #840: 12 1 1 1 2 3 3 3 3 5 5 7 7 Case #841: -1
Case #842: -1
Case #843: 20 1 1 1 1 1 1 1 2 2 2 2 2 3 3 3 3 3 3 3 3 Case #844: 16 1 1 1 1 1 2 2 2 2 2 2 2 5 5 5 7 Case #845: -1
Case #846: 28 1 1 1 1 1 1 1 1 1 1 1 1 1 1 1 1 1 1 2 2 2 2 2 2 2 3 3 3 Case #847: 16 1 1 1 2 2 2 2 2 2 2 3 3 3 3 5 7 Case #848: 15 1 1 1 1 1 1 1 1 1 2 2 2 2 5 19 Case #849: 24 1 1 1 1 1 1 1 1 1 1 1 1 2 2 2 2 2 2 2 2 2 2 2 7 Case #850: 33 1 1 1 1 1 1 1 1 1 1 1 1 1 1 1 1 1 1 1 1 1 1 1 1 1 1 1 1 1 2 2 3 5 Case #851: 6 2 3 5 7 11 13 Case #852: -1
Case #853: -1
Case #854: 13 1 1 1 2 2 2 2 3 3 3 3 5 13 Case #855: 15 1 1 1 1 2 2 2 2 2 2 3 3 5 7 7 Case #856: 22 1 1 1 1 1 1 1 1 1 1 1 1 1 1 1 2 2 2 3 5 5 7 Case #857: 18 1 1 1 2 2 2 2 2 2 2 2 2 2 2 3 3 5 5 Case #858: 29 1 1 1 1 1 1 1 1 1 1 1 1 1 1 1 1 1 1 1 1 1 1 1 2 2 3 3 3 5 Case #859: 20 1 1 1 1 1 1 2 2 2 2 2 2 2 2 2 2 2 3 3 7 Case #860: 15 1 1 1 1 1 2 2 3 3 3 3 3 5 5 7 Case #861: 13 1 1 1 1 1 2 2 3 3 5 7 7 7 Case #862: 16 1 1 1 1 1 1 1 1 2 2 2 3 5 5 7 7 Case #863: 14 1 1 1 1 1 1 2 3 3 3 3 3 5 13 Case #864: 17 1 1 1 1 1 2 2 2 2 2 2 2 2 3 5 5 7 Case #865: 15 1 1 1 1 1 2 2 2 2 3 5 5 5 5 5 Case #866: 14 1 1 1 1 1 1 2 3 3 3 3 5 5 11 Case #867: 20 1 1 1 1 1 2 2 2 2 2 2 2 2 2 3 3 3 3 3 3 Case #868: 24 1 1 1 1 1 1 1 1 1 1 1 1 1 1 1 1 2 2 2 3 3 3 3 7 Case #869: 27 1 1 1 1 1 1 1 1 1 1 1 1 1 1 1 1 1 2 2 2 2 2 2 3 3 3 3 Case #870: 19 1 1 1 1 1 2 2 2 2 2 2 2 2 3 3 3 3 3 5 Case #871: -1
Case #872: 16 1 1 1 2 2 2 2 2 2 2 2 2 3 3 7 7 Case #873: -1
Case #874: 18 1 1 1 1 1 2 2 2 3 3 3 3 3 3 3 3 3 3 Case #875: -1
Case #876: 13 1 1 1 1 2 2 3 3 3 5 5 7 7 Case #877: 18 1 1 1 1 1 1 1 1 1 1 2 2 2 3 5 5 5 7 Case #878: 22 1 1 1 1 1 1 1 1 1 1 1 1 1 1 2 2 2 3 3 5 5 5 Case #879: 24 1 1 1 1 1 1 1 1 1 1 1 1 2 2 2 2 2 2 2 3 3 3 3 3 Case #880: -1
Case #881: 18 1 1 1 1 1 1 1 1 1 1 1 2 2 2 2 2 3 17 Case #882: 18 1 1 1 1 1 1 1 1 1 1 2 3 3 3 3 3 7 7 Case #883: 18 1 1 1 1 1 1 2 2 2 2 2 2 2 2 2 3 7 7 Case #884: 19 1 1 1 1 1 1 1 1 1 1 1 1 1 2 2 3 3 5 13 Case #885: -1
Case #886: 27 1 1 1 1 1 1 1 1 1 1 1 1 1 1 1 1 1 1 1 1 1 2 2 3 3 5 5 Case #887: 11 1 1 1 1 2 2 3 3 3 5 19 Case #888: 33 1 1 1 1 1 1 1 1 1 1 1 1 1 1 1 1 1 1 1 1 1 1 1 1 1 1 1 1 2 2 2 2 5 Case #889: 26 1 1 1 1 1 1 1 1 1 1 1 1 1 1 1 1 1 1 1 1 1 1 1 2 3 13 Case #890: 23 1 1 1 1 1 1 1 1 1 1 1 1 1 1 2 2 2 2 2 2 3 5 7 Case #891: -1
Case #892: 24 1 1 1 1 1 1 1 1 2 2 2 2 2 2 2 2 2 2 2 2 2 2 2 3 Case #893: -1
Case #894: 17 1 1 1 1 1 1 2 2 2 2 2 2 3 5 5 5 5 Case #895: -1
Case #896: 15 1 1 1 1 2 2 2 2 2 2 2 2 3 5 13 Case #897: 20 1 1 1 1 1 1 1 1 1 1 1 1 1 1 1 1 2 3 7 13 Case #898: 17 1 1 1 1 1 1 1 1 1 1 2 2 3 5 5 7 7 Case #899: 20 1 1 1 1 1 1 1 1 1 1 1 1 1 1 1 1 1 2 5 17 Case #900: 19 1 1 1 2 2 2 2 2 2 2 2 2 2 2 2 3 3 3 5 Case #901: 17 1 1 1 1 1 1 1 1 1 1 1 1 1 1 1 3 23 Case #902: 17 1 1 1 1 1 1 2 2 2 2 2 2 2 2 3 3 13 Case #903: 27 1 1 1 1 1 1 1 1 1 1 1 1 1 1 1 1 1 1 1 1 1 1 3 3 3 3 7 Case #904: 19 1 1 1 1 1 1 1 1 2 2 2 2 2 2 2 2 5 5 7 Case #905: 26 1 1 1 1 1 1 1 1 1 1 1 1 1 1 1 2 2 2 2 2 2 2 3 3 3 3 Case #906: 14 1 1 2 2 2 2 2 2 2 2 2 3 5 13 Case #907: 36 1 1 1 1 1 1 1 1 1 1 1 1 1 1 1 1 1 1 1 1 1 1 1 1 1 1 1 1 1 1 1 1 2 2 2 3 Case #908: -1
Case #909: -1
Case #910: 18 1 1 1 1 1 1 1 1 2 2 2 2 2 3 3 5 5 7 Case #911: -1
Case #912: 23 1 1 1 1 1 1 1 1 1 1 1 1 1 1 1 1 1 2 2 3 5 5 7 Case #913: -1
Case #914: 15 1 1 1 1 1 1 2 2 2 2 3 3 3 5 13 Case #915: 16 1 1 1 1 1 1 1 2 2 2 2 2 3 3 7 11 Case #916: 26 1 1 1 1 1 1 1 1 1 1 1 1 1 1 1 1 2 2 2 2 2 2 2 3 3 5 Case #917: 16 1 1 1 1 1 2 2 2 2 2 3 3 3 5 5 7 Case #918: 21 1 1 1 2 2 2 2 2 2 2 2 2 2 2 2 2 2 2 2 3 3 Case #919: 10 1 1 2 2 2 2 2 3 13 13 Case #920: -1
Case #921: -1
Case #922: 15 1 1 1 1 2 2 2 2 3 3 3 5 5 5 5 Case #923: 15 1 1 1 1 1 1 1 2 2 3 3 3 5 5 11 Case #924: -1
Case #925: 26 1 1 1 1 1 1 1 1 1 1 1 1 1 1 1 1 1 1 1 2 2 2 3 3 5 5 Case #926: 24 1 1 1 1 1 1 1 1 1 1 1 2 2 2 2 2 2 2 2 2 2 2 3 5 Case #927: 22 1 1 1 1 1 1 1 2 2 2 2 2 2 2 2 2 2 2 3 3 3 3 Case #928: 16 1 1 1 2 2 2 3 3 3 3 3 3 3 3 3 5 Case #929: 10 1 1 1 1 2 2 2 3 11 17 Case #930: 22 1 1 1 1 1 1 2 2 2 2 2 2 2 2 2 2 2 2 2 2 2 5 Case #931: 20 1 1 1 1 1 1 2 2 2 2 2 2 2 2 2 3 3 3 3 5 Case #932: 38 1 1 1 1 1 1 1 1 1 1 1 1 1 1 1 1 1 1 1 1 1 1 1 1 1 1 1 1 1 1 1 1 1 1 1 1 2 3 Case #933: 14 1 1 1 1 2 2 2 2 2 2 2 3 7 13 Case #934: 17 1 1 1 1 1 1 1 1 1 2 2 2 2 2 2 3 17 Case #935: 17 1 1 1 1 1 1 1 1 1 1 2 2 2 2 5 5 13 Case #936: -1
Case #937: 16 1 1 1 1 1 1 1 1 2 2 2 3 3 3 5 13 Case #938: 16 1 1 1 1 1 2 2 2 3 3 3 3 3 3 5 7 Case #939: 14 1 1 1 1 1 1 1 2 3 3 3 5 5 13 Case #940: 16 1 1 1 1 1 1 2 2 2 3 3 3 3 3 7 7 Case #941: 25 1 1 1 1 1 1 1 1 1 1 1 1 1 2 2 2 2 2 2 2 2 3 3 3 3 Case #942: -1
Case #943: -1
Case #944: 34 1 1 1 1 1 1 1 1 1 1 1 1 1 1 1 1 1 1 1 1 1 1 1 1 1 1 1 1 1 2 2 2 3 3 Case #945: 17 1 1 1 1 1 1 1 1 1 1 1 1 1 1 2 2 23 Case #946: 16 1 1 2 2 2 2 2 2 2 2 2 2 2 3 7 7 Case #947: 15 1 1 1 1 1 2 2 2 2 2 2 3 3 5 13 Case #948: -1
Case #949: -1
Case #950: 19 1 1 1 1 1 1 1 1 1 1 2 2 3 3 3 3 3 5 7 Case #951: 12 1 1 1 1 1 2 3 3 5 5 5 13 Case #952: -1
Case #953: 13 1 1 1 1 1 1 2 2 3 3 5 7 13 Case #954: 15 1 1 1 1 2 2 2 2 2 2 2 2 3 7 11 Case #955: 22 1 1 1 1 1 1 1 1 1 1 1 1 2 2 2 2 2 2 2 3 5 7 Case #956: 10 1 1 1 2 3 3 3 3 5 19 Case #957: 29 1 1 1 1 1 1 1 1 1 1 1 1 1 1 1 1 1 1 1 2 2 2 2 2 2 2 2 3 3 Case #958: 9 1 1 1 1 1 1 2 2 31 Case #959: 16 1 1 1 1 1 1 1 1 1 1 1 2 3 3 5 17 Case #960: 23 1 1 1 1 1 1 1 1 1 1 1 1 1 1 1 1 1 1 2 2 3 3 13 Case #961: 26 1 1 1 1 1 1 1 1 1 1 1 1 1 1 1 1 1 1 1 2 3 3 3 3 3 5 Case #962: 10 1 1 2 2 2 3 5 5 7 13 Case #963: -1
Case #964: -1
Case #965: -1