1  10  15  20
1  10  15  19
1  10  15  18
1  10  15  17
1  10  15  16
1  10  15  15
1  10  15  14
1  10  15  13
1  10  15  12
1  10  15  11
1  10  15  10
1  10  15  9
1  10  15  8
1  10  15  7
1  10  15  6
1  10  15  5
1  10  15  4
1  10  15  3
1  10  15  2
1  10  15  1
hi
10  15  1
15  1
1
10  15  2
15  2
1
10  15  3
15  3
1
10  15  4
15  4
1
10  15  5
15  5
1
10  15  6
15  6
1
10  15  7
15  7
1
10  15  8
15  8
1
10  15  9
15  9
1
10  15  10
hi
15  10
2
10  15  11
15  11
3
10  15  12
15  12
4
10  15  13
15  13
5
10  15  14
15  14
6
10  15  15
15  15
hi
8
10  15  16
15  16
10
10  15  17
15  17
12
10  15  18
15  18
14
10  15  19
15  19
16
10  15  20
15  20
19
19
-1 1 1 1 1 1 1 1 1 1 2 3 4 5 6 8 10 12 14 16 19 