965
13
48384
150528
9504
288
640
46464
4896
240000
20592
33696
621008
1741
88704
5657
9827
10752
145800
85050
74
4752
10
396
6144
30240
107
432000
813
5940
8640
2
67500
517759
12096
174960
1215
32640
57344
630
964532929
1620
33
5346
3000
3900
32256
10080
4000
41600
74088
96000
12870
660
193536
34560
300
139968
459270
7785
983900459
1440
1671
15552
54432
1134
78000
2560
169344
71280
26
43200
2707
94080
986129769
127
395
957262828
36283838
192000
546750
51
1260
28000
70400
9240
327680
49152
2025
2720
233280
480000
2310
345600
259200
108000
11085765
24696
912
194241
82944
32670
5000
34848
123
6840
51030
214573
8087519
7920
28
4914
3960
15
5304
72900
180
241920
193
118263990
27720
70235461
474
91857
67893369
501
8960
32
2940
48510
71
15400
3240
126
33401221
14688
30
22950
77760
42755209
18480
641
268800
226800
4675
27216
142884
64680
42120
18240
17136
194400
672
64152
3780
8100
69984
29484
96
2016
8000
84
64800
13500
31200
938017885
79200
587234
994617
792
3888
65
53940
119
9409159
32076
8660
457481
302400
135000
8976
31500
482421315
57624
362
196608
8424
61966
81648
486000
7025
38400
201600
99000
118
2403381
31680
78750
52800
408240
59400
430080
90
4725
25200
56
105840
120
128000
147456
43680
864
18720
18
63
116640
217728
48
25490988
38
102060
13680
8347
103
27184698
35280
8400
45360
86016
20328
5073
118272
47520
122877509
144000
40824
135
11
6600
85536
6552
9489
117
583200
49
52
21600
11340
71805
186624
3528
122880
67200
180000
14400
17820
8624
105
244944
8316
87
93
2200
37800
405000
22500
7056
6400
42768
245760
6750
216
989447237
16800
73
42000
62
28800
6399199
9180
3600
393216
16320
346742385
2600
4032
27
105000
21383
519
97200
33792
92160
57
85881
50
23
100696425
17280
3564
50544
43740
84579
248832
16000
782
19656
10800
9900
81
43
49392
84480
34
41472
110
1680
1001604
86
176400
6765
47
89600
646
3072
31752
4704
55
95
63360
3360
35503
34300
54
32805
6075
72576
47040
29
281
24192
53760
256000
810
24480
24000
7390
23115571
1584
1701
91
5520
442368
4173641
131
20
179200
153600
1904
62208
5824
999999999
162000
276480
131220
8
1615
20000
19440
230400
8250
7128
65610
6300
1000000000
52488
1048576
31
768
1
2097152
5250
696
142560
1960
50688
625433749
448
57024
129600
7938
6804
112
27000
81000
16524
32400
118800
16200
281250
15680
63180
916855204
145152
589833267
2376
2000
76032
987
816
4480
24576
94500
1848
1512
13122
24750
92317161
26460
13824
66
368640
80949857
22680
4560
115
25600
3375
8448
7500
11016
18816
473
441
2400
110250
954158175
4680
184320
4050
3584
3696
49000
1008
524880
2640
46080
66528
322081025
132000
68040
36864
272160
83160
5616
7392
112896
21870
6037
116
524288
70560
111
8826131
64
28672
87480
257
291600
5721
127008
133650
19008
115248
23232
8208
5120
131980
41580
45000
54880
182250
466560
1764
64512
100800
7200
18000
80640
15288
58800
226151256
2906162
476014
110592
13056
2520
5601
14
4800
37
64922375
4788
56700
106
13230
23400
3
95040
27456
8320
21384
11264
324000
70000
2070
124416
202500
243000
102
7897861
8064
92400
2688
4
5376
4539685
4410
9800
30973
3864
4312
93312
122
1386
699840
12800
21952
504
29160
24300
331776
2736
70
40
44
294912
1836
1728
7040
10500
105600
15750
58320
236250
336000
25002
200000
61440
51840
160
48000
12348
18432
414720
7290
7560
49896
21
34111
279936
96768
3157819
109
360000
14112
94770
3024
79
5040
12672
79548
9408
700
46
653477439
33750
5767201
17
998244353
83
96228
786432
1920
38016
622080
9425
314928
2160
15840
307200
375000
82268566
3510
673921
138240
86400
90720
5
126720
115200
491520
108
114688
2250
2880
536870912
47628
12960
349920
161280
60480
1100
1890
125
7296
99
323
23100
32000
98
75600
576
12768
300000
168000
84000
28512
21504
999999998
3120
17640
3645
1249
49500
2352
4374
3168
805306368
76
66150
88
60000
40320
665
52920
262440
20480
21840
8748
29120
1500
107520
998506315
47958485
215040
49280
10560
19800
614400
108864
20160
23328
388800
16
168960
216000
25
23760
1323
282791
16128
1001
19200
12240
54000
104976
121500
14560
23040
50000
22
4160
8015864
35100
14256
9100
32768
39600
697106497
1056
47473
4320
40960
70200
12288
393660
42336
16464
1817
2156
103680
12150
4655
85712697
11232
8772
68
48238
22848
2431
57600
7455307
181440
420
76800
7
98415
11664
322560
35
12000
75
904152917
69888
559
3509575
7680
35640
136080
48600
104
4158
189
2592
4620
25920
6930
125440
44928
12544
123480
655360
224
55296
5280
36
8550
17424
6480
9450
340200
1944
2730
157464
969
128
999999937
633
85
42105
391
9
288000
56160
38880
4608
21168
192
39936
306180
7776
15876
67584
38497
164640
10000
17920
15120
163296
69120
67
1600
72000
89
26880
172032
3312
45
211680
22464
63504
364500
121
155520
73728
5600
4943
56448
42
1824
10710
74880
252000
5400
33600
77
971866761
58
65536
9216
13860
10240
9600
746803744
5808
40950
81920
221184
725573
518400
11000
2268
5625
101250
235200
33108
361
63000
89100
198450
432255
97
209952
112000
949106497
3456
362880
1520
14336
60
30030
688978813
5044
84240
141120
4200
460800
540
129024
170100
61740
29400
31590
134400
150000
44550
373248
4536
5184
311040
967669583
225792
8372259
472392
94
132300
21000
9000
31104
6541551
1632
23814
75264
2340
58054077
900
10260
80
78
6720
1000000
98304
510205
120000
7389
49920
546
14700
170
552960
69
29952
567
44800
10368
99840
24
113
53
50400
4733
2100
934
28080
22176
5760
151200
589824
16224
101
129
270000
29700
59
1800
30720
165888
787320
4488
163840
207360
6
34944
3264
5200
900360029
14040
204120
17550
95256
20736
5297
3371
72
92
301056
37440
961175759
926315427
34020
29250
2618049
16380
59136
13440
15390
2304
124
1530
468
2430
54600
922505446
409342369
981028563
